Timestamp,User Count,Type,Name,Requests/s,Failures/s,50%,66%,75%,80%,90%,95%,98%,99%,99.9%,99.99%,100%,Total Request Count,Total Failure Count,Total Median Response Time,Total Average Response Time,Total Min Response Time,Total Max Response Time,Total Average Content Size
1762463296,0,,Aggregated,0.000000,0.000000,N/A,N/A,N/A,N/A,N/A,N/A,N/A,N/A,N/A,N/A,N/A,0,0,0,0.0,0,0,0
1762463297,1,,Aggregated,0.000000,0.000000,37,37,37,37,37,37,37,37,37,37,37,1,0,36.693885922431946,36.693885922431946,36.693885922431946,36.693885922431946,103.0
1762463298,2,,Aggregated,0.000000,0.000000,15,37,51,51,52,52,52,52,52,52,52,7,0,15,25.971632849957263,8.311131037771702,51.569311995990574,382.85714285714283
1762463299,3,,Aggregated,1.000000,0.000000,15,37,51,51,52,52,52,52,52,52,52,12,0,13,26.427727318756904,7.7749439515173435,52.15672799386084,429.5
1762463300,4,,Aggregated,2.500000,0.000000,14,45,51,52,52,53,110,110,110,110,110,24,0,13,28.087799199662793,2.872037934139371,107.17104701325297,12041.916666666666
1762463301,5,,Aggregated,3.666667,0.000000,13,37,51,51,52,53,110,110,110,110,110,27,0,13,25.78872650930727,2.872037934139371,107.17104701325297,13474.222222222223
1762463302,6,,Aggregated,3.250000,0.000000,11,44,45,46,52,52,110,110,110,110,110,41,0,11,24.530494724763784,2.6270210510119796,107.17104701325297,17149.90243902439
1762463303,7,,Aggregated,5.000000,0.000000,11,44,45,48,52,53,130,130,130,130,130,44,0,10,26.363784492291003,2.6270210510119796,134.86647699028254,23564.636363636364
1762463304,8,,Aggregated,5.666667,0.000000,10,44,45,45,52,53,110,130,130,130,130,57,0,10,24.216428734035347,2.6270210510119796,134.86647699028254,21581.19298245614
1762463305,9,,Aggregated,5.857143,0.000000,10,15,44,45,51,52,110,130,130,130,130,68,0,9,22.470566837856655,2.6270210510119796,134.86647699028254,26711.441176470587
1762463306,10,,Aggregated,5.625000,0.000000,10,37,44,45,51,53,130,130,130,130,130,74,0,9,23.812755218681854,2.6270210510119796,134.86647699028254,24601.432432432433
1762463307,11,,Aggregated,6.777778,0.000000,9,15,44,45,51,52,130,130,130,130,130,90,0,9,22.218276018328552,2.6270210510119796,134.86647699028254,27307.655555555557
1762463308,12,,Aggregated,6.800000,0.000000,9,14,44,45,48,52,130,130,130,130,130,98,0,8,20.95769444594578,2.6270210510119796,134.86647699028254,36891.27551020408
1762463309,13,,Aggregated,7.600000,0.000000,8,15,44,45,48,52,110,130,130,130,130,117,0,8,21.65874979422929,2.6270210510119796,134.86647699028254,31659.811965811965
1762463310,14,,Aggregated,8.800000,0.000000,8,15,44,45,48,52,130,130,4500,4500,4500,122,0,8,57.7546720064749,2.6270210510119796,4484.309864928946,35517.262295081964
1762463311,15,,Aggregated,8.800000,0.000000,8,14,44,45,48,52,130,130,4500,4500,4500,129,0,8,54.98212520773126,2.6270210510119796,4484.309864928946,43182.217054263565
1762463312,16,,Aggregated,10.600000,0.000000,8,14,44,45,47,52,130,720,4500,4500,4500,151,0,8,53.99953451667548,2.6270210510119796,4484.309864928946,41141.708609271525
1762463313,17,,Aggregated,10.000000,0.000000,8,14,44,45,47,52,130,720,4500,4500,4500,171,0,8,53.646028859470015,2.6270210510119796,4484.309864928946,38344.71929824561
1762463314,18,,Aggregated,9.500000,0.000000,8,14,44,45,47,52,130,720,4500,4500,4500,186,0,8,50.55400563068488,2.6270210510119796,4484.309864928946,38412.55376344086
1762463315,19,,Aggregated,11.200000,0.000000,8,15,44,45,48,110,660,720,5000,5000,5000,208,0,8,75.81025399625875,2.6270210510119796,5040.248675039038,38850.903846153844
1762463316,20,,Aggregated,12.700000,0.000000,8,15,44,45,49,110,680,4500,5000,5000,5000,218,0,8,95.91866488816268,2.6270210510119796,5040.248675039038,40547.62844036697
1762463317,21,,Aggregated,12.500000,0.000000,8,15,44,45,48,110,710,4500,5000,5000,5000,242,0,8,91.32495913837367,2.6270210510119796,5040.248675039038,39160.8347107438
1762463318,22,,Aggregated,14.300000,0.000000,8,17,45,45,50,120,680,4500,5000,5000,5000,256,0,8,90.61827865525629,2.6270210510119796,5040.248675039038,39316.984375
1762463319,23,,Aggregated,14.300000,0.000000,8,44,45,46,52,130,720,5000,5300,5300,5300,289,0,8,109.55025296405306,2.6270210510119796,5309.158056974411,39927.581314878895
1762463320,24,,Aggregated,15.200000,0.000000,8,44,45,46,52,180,720,5000,5300,5300,5300,319,0,8,120.42862618689463,2.6270210510119796,5309.158056974411,40549.31347962382
1762463321,25,,Aggregated,15.700000,0.000000,8,44,45,46,52,180,720,5000,5300,5300,5300,338,0,8,117.11688901672481,2.5439769960939884,5309.158056974411,39251.03846153846
1762463322,26,,Aggregated,17.200000,0.000000,8,44,45,46,52,180,720,5000,5300,5300,5300,378,0,8,111.11293189817665,2.5439769960939884,5309.158056974411,37484.47619047619
1762463323,27,,Aggregated,19.600000,0.000000,8,44,45,46,52,180,720,4500,5300,5300,5300,411,0,8,107.61409039340614,2.5439769960939884,5309.158056974411,37011.844282238446
1762463324,28,,Aggregated,21.200000,0.000000,8,44,45,46,52,180,720,4500,5300,5300,5300,443,0,8,103.16928647906344,2.5439769960939884,5309.158056974411,35421.42212189616
1762463325,29,,Aggregated,22.700000,0.000000,8,44,45,46,53,610,720,4500,5300,5300,5300,469,0,8,104.09960923130626,2.5077820755541325,5309.158056974411,36742.37953091684
1762463327,30,,Aggregated,25.700000,0.000000,7,44,45,46,56,640,830,5000,5400,5400,5400,499,0,7,113.06089704706034,2.5077820755541325,5399.004442966543,35255.33466933868
1762463328,31,,Aggregated,25.700000,0.000000,7,44,45,46,56,620,830,5000,5900,5900,5900,538,0,7,118.92225448501758,2.5077820755541325,5929.092763923109,35118.760223048324
1762463329,32,,Aggregated,27.800000,0.000000,7,44,45,46,95,640,810,5000,5900,5900,5900,555,0,7,120.06182245373189,2.5077820755541325,5929.092763923109,35361.832432432435
1762463330,33,,Aggregated,29.300000,0.000000,7,44,45,46,100,660,860,5000,5900,5900,5900,599,0,7,120.68957062974535,2.5077820755541325,5929.092763923109,34336.978297161935
1762463331,34,,Aggregated,29.800000,0.000000,7,44,45,46,100,640,830,4500,5900,5900,5900,636,0,7,116.50447609505628,2.5077820755541325,5929.092763923109,33489.28301886792
1762463332,35,,Aggregated,29.800000,0.000000,7,44,45,47,110,660,810,4500,5900,5900,5900,673,0,7,117.40841061436609,2.5077820755541325,5929.092763923109,35413.953937592865
1762463333,36,,Aggregated,30.700000,0.000000,7,44,45,47,110,640,800,1200,5900,5900,5900,713,0,7,114.81139138468305,2.5077820755541325,5929.092763923109,35054.28471248247
1762463334,37,,Aggregated,31.400000,0.000000,7,44,45,46,110,640,790,1200,5900,5900,5900,758,0,7,110.7205130206851,2.5077820755541325,5929.092763923109,36029.60290237467
1762463335,38,,Aggregated,33.300000,0.000000,7,44,45,46,110,630,780,910,5900,5900,5900,803,0,7,108.97338932225246,2.5077820755541325,5929.092763923109,36224.48816936488
1762463336,39,,Aggregated,34.700000,0.000000,6,44,45,47,110,640,830,1700,5900,5900,5900,841,0,6,113.53093191154089,2.5077820755541325,5929.092763923109,36105.19976218787
1762463337,40,,Aggregated,35.700000,0.000000,6,44,45,47,120,640,810,1700,5900,5900,5900,877,0,6,112.22716183983057,2.5077820755541325,5929.092763923109,36777.385404789056
1762463338,41,,Aggregated,37.100000,0.000000,6,44,45,46,120,640,800,1500,5900,5900,5900,924,0,6,110.50180227569308,2.5077820755541325,5929.092763923109,36382.90800865801
1762463339,42,,Aggregated,37.100000,0.000000,6,44,45,47,130,640,800,1700,5900,5900,5900,960,0,6,113.76078613890665,2.5077820755541325,5929.092763923109,36995.338541666664
1762463340,43,,Aggregated,38.500000,0.000000,6,44,45,47,120,640,810,1500,5400,5900,5900,1008,0,6,111.94335361841017,2.5077820755541325,5929.092763923109,37546.11111111111
1762463341,44,,Aggregated,40.600000,0.000000,7,44,45,47,120,640,810,1500,5400,5900,5900,1057,0,7,110.71401271057582,2.5077820755541325,5929.092763923109,36994.306527909175
1762463342,45,,Aggregated,40.600000,0.000000,7,44,45,47,120,640,800,1200,5400,5900,5900,1104,0,7,108.2772592868634,2.5077820755541325,5929.092763923109,36358.65036231884
1762463343,46,,Aggregated,41.900000,0.000000,8,44,45,47,130,660,810,1500,5400,5900,5900,1162,0,8,113.0013837098952,2.5077820755541325,5929.092763923109,35522.834767641994
1762463344,47,,Aggregated,43.100000,0.000000,8,44,45,47,130,640,810,1200,5400,5900,5900,1204,0,8,110.98877537620031,2.5077820755541325,5929.092763923109,35402.41112956811
1762463345,48,,Aggregated,44.600000,0.000000,8,44,45,47,120,640,800,1200,5400,5900,5900,1255,0,8,108.82539546545743,2.5077820755541325,5929.092763923109,34943.770517928286
1762463346,49,,Aggregated,44.400000,0.000000,7,44,45,47,120,640,800,990,5400,5900,5900,1301,0,7,107.59592749710644,2.5077820755541325,5929.092763923109,34530.26441199078
1762463347,50,,Aggregated,44.600000,0.000000,7,44,45,47,120,630,790,990,5400,5900,5900,1369,0,7,105.06398265196964,2.5077820755541325,5929.092763923109,35179.42293644996
1762463348,51,,Aggregated,45.700000,0.000000,7,44,46,47,120,630,790,990,5400,5900,5900,1422,0,7,106.92266949911571,2.5077820755541325,5929.092763923109,35371.50421940928
1762463349,52,,Aggregated,48.500000,0.000000,7,44,45,47,120,630,790,990,5400,5900,5900,1469,0,7,105.14110935201464,2.5077820755541325,5929.092763923109,34652.126616746085
1762463350,53,,Aggregated,49.600000,0.000000,7,44,45,47,130,640,800,1000,5400,5900,5900,1540,0,7,108.32027909058667,2.5077820755541325,5929.092763923109,34616.85649350649
1762463351,54,,Aggregated,49.700000,0.000000,7,44,45,47,120,640,790,1000,5400,5900,5900,1584,0,7,106.34366379257919,2.5077820755541325,5929.092763923109,34828.96148989899
1762463352,55,,Aggregated,51.800000,0.000000,6,44,45,47,110,630,790,990,5400,5900,5900,1661,0,6,103.40436625980965,2.5077820755541325,5929.092763923109,34431.2522576761
1762463353,56,,Aggregated,52.800000,0.000000,6,44,45,46,110,630,790,970,5400,5900,5900,1721,0,6,102.00464542537661,2.4343979312106967,5929.092763923109,34589.393375944215
1762463354,57,,Aggregated,54.500000,0.000000,6,44,45,46,110,630,790,990,5400,5900,5900,1774,0,6,101.21288340088041,2.4343979312106967,5929.092763923109,34683.67136414882
1762463355,58,,Aggregated,54.600000,0.000000,6,44,45,46,110,640,790,970,5400,5900,5900,1833,0,6,100.42253344429507,2.4343979312106967,5929.092763923109,34679.158210583744
1762463356,59,,Aggregated,56.100000,0.000000,6,44,45,46,110,640,790,970,5400,5900,5900,1899,0,6,100.17309207057265,2.4343979312106967,5929.092763923109,34475.5934702475
1762463357,60,,Aggregated,58.300000,0.000000,6,44,45,46,110,640,790,940,5400,5900,5900,1958,0,6,99.60562435928418,2.4343979312106967,5929.092763923109,34766.13074565883
1762463358,61,,Aggregated,58.900000,0.000000,6,44,45,46,110,640,790,940,5300,5900,5900,2004,0,6,99.2067302390143,2.4343979312106967,5929.092763923109,34887.271956087825
1762463359,62,,Aggregated,58.600000,0.000000,6,44,45,46,110,640,790,940,5300,5900,5900,2072,0,6,98.20660843962712,2.4343979312106967,5929.092763923109,34635.33832046332
1762463360,63,,Aggregated,58.100000,0.000000,6,44,45,46,120,640,790,910,5300,5900,5900,2140,0,6,97.95346329473917,2.4343979312106967,5929.092763923109,35287.66355140187
1762463361,64,,Aggregated,60.000000,0.000000,6,44,45,46,110,640,790,910,5300,5900,5900,2191,0,6,97.31252684954185,2.4343979312106967,5929.092763923109,35716.76996805112
1762463362,65,,Aggregated,60.400000,0.000000,6,44,45,47,120,640,790,900,5300,5900,5900,2257,0,6,97.74849675063459,2.4343979312106967,5929.092763923109,35998.74036331414
1762463363,66,,Aggregated,59.900000,0.000000,6,44,45,47,120,640,790,890,5300,5900,5900,2330,0,6,96.77611598430218,2.4343979312106967,5929.092763923109,35695.92103004292
1762463364,67,,Aggregated,59.500000,0.000000,6,44,45,47,130,640,790,890,5300,5900,5900,2383,0,6,96.57168271028067,2.4343979312106967,5929.092763923109,35350.35165757449
1762463365,68,,Aggregated,61.300000,0.000000,6,44,45,47,130,640,790,880,5300,5900,5900,2446,0,6,96.42650451324957,2.4343979312106967,5929.092763923109,35535.75020441537
1762463366,69,,Aggregated,60.700000,0.000000,6,44,45,47,140,640,790,880,5300,5900,5900,2524,0,6,97.09444780312457,2.4343979312106967,5929.092763923109,35796.30507131537
1762463367,70,,Aggregated,61.500000,0.000000,6,44,46,47,140,640,790,880,5300,5900,5900,2572,0,6,98.00718504077143,2.4343979312106967,5929.092763923109,35617.322706065315
1762463368,71,,Aggregated,61.500000,0.000000,6,44,46,47,140,640,790,880,5300,5900,5900,2647,0,6,98.8429107105667,2.4343979312106967,5929.092763923109,36151.87797506611
1762463369,72,,Aggregated,61.600000,0.000000,6,44,46,47,150,640,790,880,5300,5900,5900,2700,0,6,98.5854527152885,2.4343979312106967,5929.092763923109,36267.86
1762463370,73,,Aggregated,63.100000,0.000000,6,44,46,47,160,650,800,900,5300,5900,5900,2775,0,6,99.60015040243397,2.4343979312106967,5929.092763923109,36718.40828828829
1762463371,74,,Aggregated,63.400000,0.000000,6,44,46,47,160,660,810,910,5300,5900,5900,2829,0,6,101.67553927638288,2.4343979312106967,5929.092763923109,36521.211735595614
1762463372,75,,Aggregated,62.400000,0.000000,6,44,46,47,170,670,840,960,5300,5900,5900,2910,0,6,102.57404055902447,2.4343979312106967,5929.092763923109,36311.92852233677
1762463373,76,,Aggregated,64.400000,0.000000,6,44,46,47,170,670,830,960,5300,5900,5900,2967,0,6,102.28032172714207,2.4343979312106967,5929.092763923109,36458.24873609707
1762463374,77,,Aggregated,65.400000,0.000000,6,44,46,47,180,670,840,970,5300,5900,5900,3039,0,6,102.97065083537828,2.4343979312106967,5929.092763923109,36524.11286607436
1762463375,78,,Aggregated,63.600000,0.000000,6,44,46,47,180,680,850,980,5300,5900,5900,3113,0,6,103.64887760186983,2.4343979312106967,5929.092763923109,36593.00064246707
1762463376,79,,Aggregated,65.500000,0.000000,6,44,46,47,180,670,850,980,5300,5900,5900,3200,0,6,102.79936779061245,2.4343979312106967,5929.092763923109,36388.8715625
1762463377,80,,Aggregated,66.200000,0.000000,6,44,46,47,190,680,850,980,5300,5900,5900,3245,0,6,103.76326633188214,2.4343979312106967,5929.092763923109,36358.012018489986
1762463378,81,,Aggregated,68.200000,0.000000,6,44,46,47,190,670,840,980,5300,5900,5900,3344,0,6,103.0536805273008,2.4343979312106967,5929.092763923109,36258.848983253585
1762463379,82,,Aggregated,67.500000,0.000000,6,44,46,47,210,680,860,1000,5300,5900,5900,3397,0,6,105.59970583411113,2.4343979312106967,5929.092763923109,36470.71886959082
1762463380,83,,Aggregated,69.000000,0.000000,6,44,46,47,210,680,860,990,5300,5900,5900,3457,0,6,105.06643131110626,2.4343979312106967,5929.092763923109,36858.25137402372
1762463381,84,,Aggregated,70.100000,0.000000,6,44,46,47,200,680,860,990,5300,5900,5900,3538,0,6,104.27264674600775,2.385362982749939,5929.092763923109,37266.293386093836
1762463382,85,,Aggregated,68.600000,0.000000,6,44,46,48,210,680,860,990,5300,5900,5900,3607,0,6,104.5421121409873,2.385362982749939,5929.092763923109,37177.5273080122
1762463383,86,,Aggregated,69.800000,0.000000,6,44,46,48,220,690,870,1000,5300,5900,5900,3677,0,6,106.18027474370025,2.385362982749939,5929.092763923109,37638.52488441664
1762463384,87,,Aggregated,69.100000,0.000000,6,44,46,48,220,690,860,1000,5300,5900,5900,3754,0,6,105.6413708322795,2.385362982749939,5929.092763923109,37685.79914757592
1762463385,88,,Aggregated,70.100000,0.000000,7,45,46,48,230,690,870,1000,5300,5900,5900,3838,0,7,107.16819348444152,2.385362982749939,5929.092763923109,37517.9460656592
1762463386,89,,Aggregated,72.000000,0.000000,7,45,46,48,230,690,870,1000,5300,5900,5900,3905,0,7,107.87181563334953,2.385362982749939,5929.092763923109,38118.48860435339
1762463387,90,,Aggregated,70.500000,0.000000,6,45,46,48,240,690,870,1000,5300,5900,5900,3972,0,6,107.88288387318244,2.385362982749939,5929.092763923109,38445.34113796576
1762463388,91,,Aggregated,70.400000,0.000000,6,45,46,48,240,690,870,1000,5000,5900,5900,4062,0,6,107.18431568769087,2.385362982749939,5929.092763923109,38290.380846873464
1762463389,92,,Aggregated,72.700000,0.000000,6,45,46,48,240,690,870,1000,5000,5900,5900,4141,0,6,108.32809374127487,2.385362982749939,5929.092763923109,38796.065926104806
1762463390,93,,Aggregated,73.100000,0.000000,7,45,46,48,240,690,870,1000,5000,5900,5900,4240,0,7,107.59584273888184,2.385362982749939,5929.092763923109,38594.59080188679
1762463391,94,,Aggregated,72.400000,0.000000,7,45,46,48,250,690,870,1000,5000,5900,5900,4295,0,7,107.71840238513813,2.385362982749939,5929.092763923109,38919.06449359721
1762463392,95,,Aggregated,78.200000,0.000000,7,45,46,48,260,690,860,1000,5000,5900,5900,4382,0,7,108.13008616568962,2.385362982749939,5929.092763923109,38963.71930625285
1762463393,96,,Aggregated,75.400000,0.000000,7,45,46,48,260,690,870,1000,5000,5900,5900,4471,0,7,108.44373583059476,2.385362982749939,5929.092763923109,38874.78170431671
1762463394,97,,Aggregated,77.400000,0.000000,7,45,46,48,260,690,860,1000,5000,5900,5900,4543,0,7,108.50951217343297,2.385362982749939,5929.092763923109,39066.408540611934
1762463395,98,,Aggregated,78.700000,0.000000,7,45,46,48,270,690,870,1000,5000,5900,5900,4644,0,7,109.05789627386662,2.385362982749939,5929.092763923109,39250.5523255814
1762463396,99,,Aggregated,76.400000,0.000000,7,45,46,48,270,690,860,1000,5000,5900,5900,4720,0,7,108.55108505658514,2.385362982749939,5929.092763923109,39619.39745762712
1762463397,100,,Aggregated,80.100000,0.000000,7,45,46,48,280,690,860,1000,5000,5900,5900,4820,0,7,109.14144811536383,2.385362982749939,5929.092763923109,39831.210788381744
1762463398,101,,Aggregated,79.600000,0.000000,7,45,46,48,280,690,860,1000,5000,5900,5900,4899,0,7,109.213382207345,2.385362982749939,5929.092763923109,39997.347009593796
1762463399,102,,Aggregated,82.700000,0.000000,7,45,46,48,270,690,860,1000,5000,5900,5900,4990,0,7,108.42123952459073,2.385362982749939,5929.092763923109,40133.304008016035
1762463400,103,,Aggregated,82.100000,0.000000,7,45,47,48,280,690,860,1000,5000,5900,5900,5066,0,7,109.47978097297056,2.385362982749939,5929.092763923109,40344.92262139755
1762463401,104,,Aggregated,83.900000,0.000000,7,45,47,48,280,690,870,1000,5000,5900,5900,5185,0,7,109.22424187344879,2.385362982749939,5929.092763923109,40105.90106075217
1762463402,105,,Aggregated,81.800000,0.000000,7,45,47,49,280,690,870,1000,5000,5900,5900,5252,0,7,109.31097489488822,2.385362982749939,5929.092763923109,40119.267707539984
1762463403,106,,Aggregated,88.100000,0.000000,8,45,47,49,290,700,870,1000,5000,5900,5900,5358,0,8,109.9362552334633,2.385362982749939,5929.092763923109,39903.60712952594
1762463404,107,,Aggregated,86.500000,0.000000,8,45,47,49,310,700,870,1000,5000,5900,5900,5444,0,8,110.79863626707494,2.385362982749939,5929.092763923109,40280.10066127847
1762463405,108,,Aggregated,87.900000,0.000000,8,45,47,49,320,700,870,1000,5000,5900,5900,5530,0,8,111.1627951965189,2.385362982749939,5929.092763923109,40344.41754068716
1762463406,109,,Aggregated,90.300000,0.000000,8,45,47,49,320,710,870,1000,5000,5900,5900,5642,0,8,111.08077255919763,2.385362982749939,5929.092763923109,40715.85944700461
1762463407,110,,Aggregated,89.300000,0.000000,8,45,47,49,380,710,870,1000,5000,5900,5900,5716,0,8,112.06855961217178,2.385362982749939,5929.092763923109,40911.13278516445
1762463408,111,,Aggregated,92.800000,0.000000,8,45,47,49,380,710,880,1000,5000,5900,5900,5813,0,8,112.16489435151541,2.385362982749939,5929.092763923109,40917.273180801654
1762463409,112,,Aggregated,89.100000,0.000000,8,45,47,50,380,710,880,1000,5000,5900,5900,5903,0,8,112.54464478072066,2.385362982749939,5929.092763923109,40822.62324241911
1762463410,113,,Aggregated,91.100000,0.000000,9,45,47,50,380,710,880,1000,4900,5900,5900,6017,0,9,112.4614773217215,2.385362982749939,5929.092763923109,40787.59132458035
1762463411,114,,Aggregated,91.900000,0.000000,9,45,47,50,420,720,880,1000,4900,5900,5900,6117,0,9,113.56223922333844,2.385362982749939,5929.092763923109,40951.71799901913
1762463412,115,,Aggregated,93.600000,0.000000,9,45,47,50,450,720,880,1000,4900,5900,5900,6201,0,9,114.26263341488003,2.385362982749939,5929.092763923109,40960.3684889534
1762463413,116,,Aggregated,90.600000,0.000000,9,45,47,50,460,720,890,1000,4900,5900,5900,6326,0,9,114.74740751549352,2.385362982749939,5929.092763923109,40903.71451153968
1762463414,117,,Aggregated,93.800000,0.000000,9,45,47,50,450,730,890,1000,4900,5900,5900,6400,0,9,114.47940890784594,2.385362982749939,5929.092763923109,40944.69140625
1762463415,118,,Aggregated,95.400000,0.000000,9,45,48,51,480,730,910,1000,4900,5900,5900,6505,0,9,115.93179362847525,2.385362982749939,5929.092763923109,41138.0190622598
1762463416,119,,Aggregated,94.700000,0.000000,9,45,48,51,460,730,910,1000,4900,5900,5900,6624,0,9,115.82247571560502,2.385362982749939,5929.092763923109,40779.2362620773
1762463417,120,,Aggregated,94.700000,0.000000,10,45,48,51,460,730,910,1100,4900,5900,5900,6734,0,10,116.11271950093747,2.385362982749939,5929.092763923109,40808.48901098901
1762463418,121,,Aggregated,97.000000,0.000000,10,45,48,51,470,730,910,1100,4900,5900,5900,6834,0,10,116.44466087696823,2.385362982749939,5929.092763923109,40934.58574773193
1762463419,122,,Aggregated,98.900000,0.000000,10,45,48,51,510,740,920,1100,4900,5900,5900,6919,0,10,117.35065073941699,2.385362982749939,5929.092763923109,41130.85431420725
1762463420,123,,Aggregated,101.500000,0.000000,10,45,48,52,510,740,930,1100,4800,5900,5900,7033,0,10,117.59026550985998,2.385362982749939,5929.092763923109,40964.27697995165
1762463421,124,,Aggregated,101.100000,0.000000,10,45,48,52,520,740,940,1100,4800,5900,5900,7154,0,10,118.13828358501219,2.385362982749939,5929.092763923109,40917.70366228683
1762463422,125,,Aggregated,102.000000,0.000000,10,45,48,52,530,740,940,1100,4800,5900,5900,7250,0,10,118.76843874757017,2.385362982749939,5929.092763923109,41047.191034482756
1762463423,126,,Aggregated,103.500000,0.000000,10,45,48,52,530,750,940,1100,4800,5900,5900,7332,0,10,119.05685779266415,2.385362982749939,5929.092763923109,41240.8232405892
1762463424,127,,Aggregated,103.500000,0.000000,11,45,48,52,530,750,940,1100,4800,5900,5900,7458,0,11,119.28303100899352,2.385362982749939,5929.092763923109,41260.48270313757
1762463425,128,,Aggregated,101.700000,0.000000,10,45,48,52,540,750,940,1100,4800,5900,5900,7561,0,10,119.70773393419066,2.385362982749939,5929.092763923109,41261.345853723054
1762463426,129,,Aggregated,105.400000,0.000000,11,45,48,52,540,750,940,1100,4900,6800,6800,7667,0,11,120.62748704710604,2.385362982749939,6849.577353917994,41538.35607147515
1762463427,130,,Aggregated,106.900000,0.000000,11,45,48,52,540,750,950,1100,4900,6800,6800,7776,0,11,120.95407533040533,2.385362982749939,6849.577353917994,41487.93364197531
1762463428,131,,Aggregated,104.800000,0.000000,11,45,48,53,550,760,960,1100,4900,6800,6800,7880,0,11,121.61824199420383,2.385362982749939,6849.577353917994,41596.98654822335
1762463429,132,,Aggregated,104.500000,0.000000,11,45,48,53,560,760,960,1100,4900,6800,6800,7979,0,11,122.3835566525583,2.385362982749939,6849.577353917994,41671.95450557714
1762463430,133,,Aggregated,103.300000,0.000000,11,45,48,53,560,760,960,1100,4800,6800,6800,8084,0,11,122.2780782529707,2.385362982749939,6849.577353917994,41523.2971301336
1762463431,134,,Aggregated,105.600000,0.000000,11,45,48,53,550,760,960,1100,4800,6800,6800,8200,0,11,121.88228637681388,2.385362982749939,6849.577353917994,41523.58878048781
1762463432,135,,Aggregated,102.300000,0.000000,11,45,48,53,560,770,970,1100,4800,6800,6800,8288,0,11,122.75944638599077,2.385362982749939,6849.577353917994,41708.50784266409
1762463433,136,,Aggregated,105.600000,0.000000,12,45,48,53,560,770,970,1100,4800,6800,6800,8442,0,12,122.56695924540963,2.385362982749939,6849.577353917994,41529.12212745795
1762463434,137,,Aggregated,104.300000,0.000000,12,45,48,53,560,770,970,1100,4800,6800,6800,8543,10,12,123.20606879916184,2.0094369538128376,6849.577353917994,41694.65164462133
1762463435,138,,Aggregated,106.700000,0.000000,11,45,48,54,570,780,970,1100,4800,6800,6800,8652,43,11,123.55703922569123,2.0094369538128376,6849.577353917994,41537.46786870088
1762463436,139,,Aggregated,106.100000,0.000000,11,45,48,53,560,770,970,1100,4800,6800,6800,8785,89,11,122.79747290794903,1.8758770311251283,6849.577353917994,41222.51997723392
1762463437,140,,Aggregated,107.100000,2.400000,10,45,48,53,560,770,970,1100,4800,6800,6800,8908,129,10,122.41686954329562,1.8758770311251283,6849.577353917994,41243.45217781769
1762463438,141,,Aggregated,108.500000,6.400000,10,45,48,52,560,770,970,1100,4800,6800,6800,9040,171,10,121.87674328887246,1.8758770311251283,6849.577353917994,41186.833628318585
1762463439,142,,Aggregated,110.800000,10.200000,9,45,48,52,560,770,970,1100,4800,6800,6800,9166,214,9,121.07118989610777,1.8758770311251283,6849.577353917994,41054.73434431595
1762463440,143,,Aggregated,114.400000,15.100000,9,45,48,52,550,770,970,1100,4800,6800,6800,9305,261,9,120.25137158641957,1.8758770311251283,6849.577353917994,40843.725953788286
1762463441,144,,Aggregated,115.600000,19.200000,9,45,48,52,550,770,970,1100,4800,6800,6800,9408,294,9,120.13301794028854,1.8758770311251283,6849.577353917994,40809.89859693877
1762463442,145,,Aggregated,121.200000,23.600000,8,45,48,52,540,760,960,1100,4800,6800,6800,9550,343,8,119.08930349756149,1.8758770311251283,6849.577353917994,40487.970785340316
1762463443,146,,Aggregated,120.300000,27.700000,8,45,48,52,530,760,960,1100,4800,6800,6800,9701,392,8,118.57250239980887,1.8758770311251283,6849.577353917994,40180.11802906917
1762463444,147,,Aggregated,124.300000,32.000000,8,45,48,51,520,760,960,1100,4800,6800,6800,9835,439,8,117.59380854614861,1.8758770311251283,6849.577353917994,40020.306558210475
1762463445,148,,Aggregated,124.800000,36.200000,8,45,48,51,510,760,960,1100,4800,6800,6800,9977,486,8,117.29309472869726,1.8758770311251283,6849.577353917994,39756.05422471685
1762463446,149,,Aggregated,128.900000,41.200000,8,45,48,51,520,760,960,1100,4800,5900,6800,10053,493,8,117.36322074600176,1.8758770311251283,6849.577353917994,39979.009052024274
1762463447,150,,Aggregated,129.300000,43.000000,8,45,48,51,530,760,960,1100,4800,5900,6800,10122,493,8,118.31545200711567,1.8758770311251283,6849.577353917994,40110.44398340249
1762463448,151,,Aggregated,130.100000,42.900000,8,45,48,52,540,760,960,1100,4800,5900,6800,10168,493,8,118.61809833702932,1.8758770311251283,6849.577353917994,40196.0954956727
1762463449,152,,Aggregated,126.200000,39.100000,8,45,48,52,540,760,960,1100,4800,5900,6800,10193,493,8,118.79491930605975,1.8758770311251283,6849.577353917994,40270.43539684097
1762463450,153,,Aggregated,115.900000,34.200000,8,45,48,52,550,760,960,1100,4800,5900,6800,10230,493,8,119.0496774747893,1.8758770311251283,6849.577353917994,40294.719745845556
1762463451,154,,Aggregated,108.300000,30.100000,8,45,48,52,550,760,960,1100,4800,5900,6800,10257,493,8,119.02987603316978,1.8758770311251283,6849.577353917994,40340.77430047772
1762463452,155,,Aggregated,98.300000,25.700000,8,45,48,52,550,760,960,1100,4800,5900,6800,10284,493,8,119.222998200238,1.8758770311251283,6849.577353917994,40438.852489303776
1762463453,156,,Aggregated,88.600000,21.600000,8,45,48,52,560,770,970,1100,5400,6800,7000,10344,493,8,124.86815291887876,1.8758770311251283,6987.976592965424,40404.52648878577
1762463454,157,,Aggregated,78.100000,17.300000,8,45,48,52,560,770,980,1200,6100,7900,8000,10396,493,8,128.36404051365176,1.8758770311251283,8020.1707819942385,40262.94613312813
1762463455,158,,Aggregated,68.600000,13.100000,8,45,48,52,560,770,970,1200,6100,7900,8000,10454,493,8,128.1669795993692,1.8758770311251283,8020.1707819942385,40135.091639563805
1762463456,159,,Aggregated,61.300000,8.100000,8,45,48,53,570,780,990,1200,9200,11000,11000,10562,493,8,141.86241914931242,1.8758770311251283,10724.077453021891,39896.079341033896
1762463457,160,,Aggregated,52.500000,3.900000,8,45,48,53,570,780,1000,1200,9400,11000,11000,10643,493,8,145.26168239864458,1.8758770311251283,10724.077453021891,39675.98665789721
1762463458,161,,Aggregated,47.800000,0.000000,8,45,48,53,570,780,1000,1300,11000,12000,12000,10762,493,8,161.12290641569504,1.8758770311251283,12482.912624953315,39725.171622375026
1762463459,162,,Aggregated,51.100000,0.000000,8,45,48,53,570,780,1000,1400,11000,12000,12000,10888,493,8,164.59569242810647,1.8758770311251283,12482.912624953315,39613.658339456284
1762463460,163,,Aggregated,54.100000,0.000000,8,45,48,53,570,780,1000,1400,11000,13000,13000,10992,493,8,168.95326875684452,1.8758770311251283,13032.199169974774,39535.83806404658
1762463461,164,,Aggregated,63.400000,0.000000,8,45,48,53,560,780,1000,1400,11000,13000,14000,11104,493,8,169.03925963420565,1.8758770311251283,14075.04929008428,39631.87617074928
1762463462,165,,Aggregated,71.800000,0.000000,8,45,48,53,560,780,1000,1400,11000,13000,14000,11234,493,8,167.81201598972967,1.8758770311251283,14075.04929008428,39512.76517714082
1762463463,166,,Aggregated,76.700000,0.000000,8,45,48,53,560,780,1000,1400,12000,14000,17000,11336,493,8,171.0536350740343,1.8758770311251283,16548.19804208819,39630.71956598447
1762463464,167,,Aggregated,88.700000,0.000000,8,45,48,52,560,780,1000,1600,12000,18000,18000,11508,504,8,182.433852518615,1.8758770311251283,18379.30912396405,39565.68561001043
1762463465,168,,Aggregated,97.200000,0.000000,8,45,48,52,570,800,1100,4100,15000,18000,19000,11670,538,8,204.60415672189248,1.8758770311251283,18620.25558098685,39305.14087403599
1762463466,169,,Aggregated,102.800000,0.100000,8,45,48,52,560,790,1100,4100,16000,18000,19000,11816,574,8,205.0146824208164,1.8758770311251283,18620.25558098685,39193.97892687881
1762463467,170,,Aggregated,113.300000,1.500000,8,45,48,52,560,790,1100,3900,16000,18000,19000,11960,609,8,203.38219432718,1.8758770311251283,18620.25558098685,39119.867976588626
1762463468,171,,Aggregated,121.800000,5.200000,7,45,48,52,560,790,1100,4300,16000,20000,21000,12095,644,7,206.76185520774516,1.8758770311251283,20975.67065502517,38908.41364200083
1762463469,172,,Aggregated,125.500000,9.000000,7,45,48,52,560,790,1100,4100,16000,20000,21000,12267,684,7,206.86649380360257,1.8758770311251283,20975.67065502517,38765.59729355181
1762463470,173,,Aggregated,132.600000,12.800000,7,45,48,51,550,790,1100,3900,17000,20000,21000,12432,727,7,206.3140291791141,1.8758770311251283,20975.67065502517,38606.34379021879
1762463471,174,,Aggregated,133.300000,16.400000,7,45,48,51,550,790,1100,4400,17000,21000,24000,12585,764,7,209.57988572297126,1.8151530530303717,24324.69242590014,38583.23766388558
1762463472,175,,Aggregated,138.400000,20.500000,7,45,48,51,550,790,1100,4400,17000,24000,25000,12756,807,7,211.5371423350481,1.8151530530303717,25253.615904948674,38402.76144559423
1762463473,176,,Aggregated,146.700000,24.600000,7,45,48,51,550,790,1100,4400,17000,24000,25000,12900,843,7,210.99342526621618,1.8151530530303717,25253.615904948674,38405.01093023256
1762463474,177,,Aggregated,149.700000,28.800000,7,45,48,51,550,790,1100,4400,17000,24000,25000,13074,884,7,211.98655899489577,1.8151530530303717,25253.615904948674,38189.010096374484
1762463475,178,,Aggregated,153.500000,32.400000,7,45,47,51,550,790,1100,4100,17000,24000,25000,13202,907,7,210.56615212416236,1.8151530530303717,25253.615904948674,38162.050371155885
1762463476,179,,Aggregated,153.300000,35.900000,7,45,47,51,550,790,1100,4100,17000,24000,25000,13300,907,7,210.07756848643618,1.8151530530303717,25253.615904948674,38154.18383458647
1762463477,180,,Aggregated,158.900000,39.100000,7,45,47,51,550,790,1100,3900,17000,24000,25000,13375,907,7,209.5361614243049,1.8151530530303717,25253.615904948674,38338.53659813084
1762463478,181,,Aggregated,151.800000,36.200000,7,45,48,51,560,790,1100,3700,17000,24000,25000,13436,908,7,209.7307108415862,1.8151530530303717,25253.615904948674,38461.29234891337
1762463479,182,,Aggregated,147.200000,32.400000,7,45,48,51,560,790,1100,3700,17000,24000,25000,13481,913,7,209.68734768945401,1.8151530530303717,25253.615904948674,38618.49877605519
1762463480,183,,Aggregated,139.100000,28.600000,7,45,48,51,560,790,1100,3200,17000,24000,25000,13526,926,7,209.31521412669053,1.8151530530303717,25253.615904948674,38621.27872246045
1762463481,184,,Aggregated,129.700000,25.100000,7,45,48,51,570,790,1100,4400,17000,24000,25000,13584,937,7,211.05376960033618,1.8151530530303717,25253.615904948674,38561.599749705536
1762463482,185,,Aggregated,117.900000,21.900000,6,45,48,51,570,790,1100,4500,17000,24000,25000,13648,950,6,212.5446676227117,1.8151530530303717,25253.615904948674,38483.94497362251
1762463483,186,,Aggregated,105.800000,18.800000,6,45,48,52,570,800,1100,5300,17000,24000,25000,13736,965,6,220.41837293194985,1.8151530530303717,25253.615904948674,38326.063337216074
1762463484,187,,Aggregated,94.000000,15.800000,6,45,48,52,580,800,1100,5900,17000,24000,25000,13841,983,6,225.68346453843148,1.8151530530303717,25253.615904948674,38130.33465790044
1762463485,188,,Aggregated,87.400000,13.600000,6,45,48,52,580,810,1200,6200,17000,24000,25000,14006,1014,6,232.77618001282252,1.8151530530303717,25253.615904948674,37865.372983007284
1762463486,189,,Aggregated,84.500000,11.900000,6,45,48,52,580,820,1200,6600,17000,24000,25000,14172,1043,6,238.42077747464208,1.8151530530303717,25253.615904948674,38004.80009878634
1762463487,190,,Aggregated,72.600000,8.700000,6,45,47,52,580,810,1200,6500,17000,24000,25000,14281,1066,6,236.8798618252889,1.8151530530303717,25253.615904948674,37883.5206918283
1762463488,191,,Aggregated,82.400000,11.400000,6,45,47,51,580,810,1200,6500,17000,24000,25000,14460,1103,6,234.67685845424518,1.8151530530303717,25253.615904948674,37683.585961272474
1762463489,192,,Aggregated,87.800000,14.300000,6,45,47,51,570,800,1200,6500,17000,24000,25000,14651,1142,6,232.90725279785744,1.8151530530303717,25253.615904948674,37614.5160057334
1762463490,193,,Aggregated,92.600000,16.700000,6,45,47,51,570,800,1200,6500,17000,24000,25000,14774,1160,6,234.72097885251833,1.8151530530303717,25253.615904948674,37559.23169080818
1762463491,194,,Aggregated,102.700000,19.600000,6,45,47,51,580,820,1400,7300,17000,24000,25000,14893,1161,6,255.36824851626085,1.8151530530303717,25253.615904948674,37575.788356946214
1762463492,195,,Aggregated,118.000000,23.000000,6,45,47,51,580,820,1400,7300,17000,24000,25000,15000,1161,6,254.77930796884465,1.8151530530303717,25253.615904948674,37574.499
1762463493,196,,Aggregated,125.200000,23.300000,6,45,47,51,580,820,1400,7300,17000,24000,25000,15075,1161,6,255.3531963717668,1.8151530530303717,25253.615904948674,37735.17804311775
1762463494,197,,Aggregated,132.400000,22.200000,6,45,47,51,580,820,1400,7300,17000,24000,25000,15128,1161,6,256.07294418577345,1.8151530530303717,25253.615904948674,37875.27842411422
1762463495,198,,Aggregated,134.000000,20.800000,6,45,47,51,580,820,1400,7300,17000,24000,25000,15178,1161,6,256.33939912974125,1.8151530530303717,25253.615904948674,37976.70285940177
1762463496,199,,Aggregated,129.900000,18.900000,6,45,47,52,590,820,1400,7300,17000,24000,25000,15238,1161,6,260.22498941398027,1.8151530530303717,25253.615904948674,38037.7693923087
1762463497,200,,Aggregated,127.800000,17.500000,6,45,47,52,590,830,1500,7300,17000,24000,25000,15318,1161,6,264.28298810848196,1.8151530530303717,25253.615904948674,38075.01299125212
1762463498,201,,Aggregated,113.300000,14.000000,6,45,47,52,590,830,1600,7400,17000,24000,25000,15405,1161,6,267.5549497863783,1.8151530530303717,25253.615904948674,38076.96604998377
1762463499,202,,Aggregated,104.200000,11.100000,6,45,47,52,590,830,1700,7600,17000,24000,25000,15516,1161,6,271.2787588604263,1.8151530530303717,25253.615904948674,37906.4520494973
1762463500,203,,Aggregated,102.000000,8.700000,6,45,47,52,590,840,2300,7800,17000,24000,25000,15686,1161,6,276.8799181734262,1.8151530530303717,25253.615904948674,37762.94504653831
1762463501,204,,Aggregated,94.700000,5.700000,6,45,47,52,600,840,3700,8100,17000,24000,25000,15831,1161,6,285.925284105965,1.8151530530303717,25253.615904948674,37782.55928242057
1762463502,205,,Aggregated,85.000000,1.400000,6,44,47,52,600,840,3700,8100,17000,24000,25000,16008,1161,6,286.0414070513696,1.8151530530303717,25253.615904948674,37709.02667416292
1762463503,206,,Aggregated,90.400000,0.100000,6,44,47,52,590,840,3600,8100,17000,24000,25000,16162,1161,6,284.6813808022449,1.8151530530303717,25253.615904948674,37686.80107659943
1762463504,207,,Aggregated,92.300000,0.000000,6,44,47,52,590,840,3600,8100,17000,24000,25000,16353,1161,6,283.89342310333103,1.8151530530303717,25253.615904948674,37702.66899039932
1762463505,208,,Aggregated,100.100000,0.000000,6,44,47,52,590,840,4400,8600,17000,24000,25000,16563,1161,6,294.2617053890769,1.8151530530303717,25253.615904948674,37618.22320835597
1762463506,209,,Aggregated,109.600000,0.000000,5,44,47,52,590,840,4400,8600,17000,24000,25000,16745,1161,5,292.86206075282746,1.8151530530303717,25253.615904948674,37649.34350552403
1762463507,210,,Aggregated,122.600000,0.000000,5,44,47,51,590,840,4200,8500,17000,24000,25000,16927,1161,5,290.82867291153036,1.8151530530303717,25253.615904948674,37642.92792579902
1762463508,211,,Aggregated,138.700000,0.000000,5,44,47,51,590,840,4100,8500,17000,24000,25000,17117,1163,5,289.68073635399304,1.8151530530303717,25253.615904948674,37720.04498451832
1762463509,212,,Aggregated,150.900000,0.000000,5,44,47,51,590,840,4000,8500,17000,24000,25000,17296,1204,5,288.36541202052155,1.7936700023710728,25253.615904948674,37786.28977798335
1762463510,213,,Aggregated,159.000000,0.000000,5,44,47,51,590,840,3900,8500,17000,24000,25000,17509,1266,5,287.55068465213543,1.7936700023710728,25253.615904948674,37623.00759609344
1762463512,214,,Aggregated,170.000000,0.200000,5,44,47,51,590,830,3700,8300,17000,24000,25000,17686,1313,5,285.5463722440611,1.7936700023710728,25253.615904948674,37549.82234535791
1762463513,215,,Aggregated,181.700000,10.500000,5,44,47,50,590,830,3600,8200,17000,24000,25000,17907,1376,5,283.2359023899261,1.7691600369289517,25253.615904948674,37394.309655442004
1762463514,216,,Aggregated,184.700000,15.200000,5,44,47,50,580,830,3600,8200,17000,24000,25000,18077,1426,5,282.54476890294217,1.7691600369289517,25253.615904948674,37222.88388560049
1762463515,217,,Aggregated,189.000000,21.500000,5,44,47,50,580,830,3200,8200,17000,24000,25000,18299,1489,5,280.39216899074313,1.7691600369289517,25253.615904948674,37075.2244931417
1762463516,218,,Aggregated,189.600000,26.300000,5,44,47,50,580,830,3000,8100,17000,24000,25000,18488,1544,5,278.2085265728568,1.7691600369289517,25253.615904948674,36947.90675032453
1762463517,219,,Aggregated,189.600000,26.300000,5,44,47,50,580,830,2800,8100,17000,24000,25000,18661,1592,5,277.0851852295706,1.7691600369289517,25253.615904948674,36953.61609774396
1762463518,220,,Aggregated,190.900000,38.100000,5,44,47,49,580,830,2800,8100,17000,24000,25000,18857,1649,5,276.2513041977187,1.7691600369289517,25253.615904948674,36983.63859574694
1762463519,221,,Aggregated,190.700000,43.100000,5,44,47,49,580,830,2300,8000,17000,24000,25000,19104,1717,5,273.88321100824606,1.7691600369289517,25253.615904948674,36817.01266750419
1762463520,222,,Aggregated,192.100000,48.600000,5,44,47,49,580,820,2300,8000,17000,24000,25000,19280,1769,5,272.1263546551999,1.7691600369289517,25253.615904948674,36764.71021784232
1762463521,223,,Aggregated,197.200000,54.800000,5,44,47,49,580,820,2000,8000,17000,24000,25000,19475,1820,5,270.3809008718228,1.7691600369289517,25253.615904948674,36674.39851091142
1762463522,224,,Aggregated,197.900000,56.500000,5,44,47,49,580,820,1900,7900,17000,24000,25000,19609,1826,5,269.13166099096736,1.7691600369289517,25253.615904948674,36725.74124126676
1762463523,225,,Aggregated,195.600000,55.200000,5,44,47,49,580,820,1900,7900,17000,24000,25000,19713,1826,5,268.32492444943455,1.7691600369289517,25253.615904948674,36767.77765941257
1762463524,226,,Aggregated,191.400000,51.300000,5,44,47,49,580,820,1800,7900,17000,24000,25000,19788,1826,5,268.1137853670075,1.7691600369289517,25253.615904948674,36915.96457448959
1762463525,227,,Aggregated,179.700000,45.000000,5,44,47,49,580,820,1800,7900,17000,24000,25000,19849,1826,5,267.90452287896255,1.7691600369289517,25253.615904948674,37039.08564663207
1762463526,228,,Aggregated,170.800000,40.200000,5,44,47,50,580,820,1900,7900,17000,24000,25000,19916,1826,5,268.30949170190786,1.7691600369289517,25253.615904948674,37036.067885117496
1762463527,229,,Aggregated,154.800000,33.800000,5,44,47,50,580,820,2300,7900,17000,22000,25000,20013,1826,5,269.60170024213363,1.7691600369289517,25253.615904948674,37031.66771598461
1762463528,230,,Aggregated,142.900000,28.400000,5,44,47,50,580,820,2600,7800,17000,22000,25000,20118,1826,5,271.53245355057095,1.7691600369289517,25253.615904948674,37060.840789342874
1762463529,231,,Aggregated,134.400000,23.400000,5,44,47,50,590,830,3600,7800,17000,22000,25000,20239,1826,5,276.1986315839646,1.7691600369289517,25253.615904948674,36991.02342012945
1762463530,232,,Aggregated,123.600000,17.900000,5,44,47,50,590,830,3700,7900,17000,22000,25000,20385,1826,5,279.39865449078536,1.7691600369289517,25253.615904948674,36896.48020603385
1762463531,233,,Aggregated,112.400000,11.500000,5,44,47,50,590,830,4100,7900,17000,22000,25000,20581,1826,5,282.05960490373053,1.7691600369289517,25253.615904948674,37016.09090909091
1762463532,234,,Aggregated,108.400000,5.700000,5,44,47,50,590,840,4400,8000,17000,22000,25000,20751,1826,5,285.75497818673165,1.7691600369289517,25253.615904948674,36988.280902125196
1762463533,235,,Aggregated,108.800000,0.800000,5,44,47,50,590,840,4400,8000,17000,22000,25000,20946,1826,5,284.6935398058025,1.7691600369289517,25253.615904948674,36958.78921989879
1762463534,236,,Aggregated,113.800000,0.000000,5,44,47,50,590,840,4800,8300,17000,22000,25000,21184,1827,5,294.26899219906005,1.7691600369289517,25253.615904948674,36891.476680513595
1762463535,237,,Aggregated,118.900000,0.000000,5,44,47,50,590,840,4900,8400,17000,22000,25000,21379,1827,5,297.752800866193,1.7691600369289517,25253.615904948674,36960.0058000842
1762463536,238,,Aggregated,135.500000,0.100000,5,44,46,49,590,840,4900,8300,17000,22000,25000,21601,1827,5,295.20709806477885,1.7691600369289517,25253.615904948674,36934.560251840194
1762463537,239,,Aggregated,151.300000,0.100000,5,43,46,49,590,840,4800,8300,17000,22000,25000,21854,1827,5,293.5814692220403,1.7691600369289517,25253.615904948674,36988.004896128856
1762463538,240,,Aggregated,165.400000,0.100000,5,43,46,49,590,840,4800,8300,17000,22000,25000,22038,1827,5,294.4663439268092,1.7691600369289517,25253.615904948674,36960.73559306652
1762463539,241,,Aggregated,177.100000,0.100000,5,43,46,49,590,840,4800,8300,17000,22000,25000,22276,1828,5,293.817298069869,1.7691600369289517,25253.615904948674,36951.98958520381
1762463540,242,,Aggregated,190.400000,0.100000,5,43,46,49,590,840,4800,8300,17000,22000,25000,22519,1828,5,294.0973488603283,1.7691600369289517,25253.615904948674,37049.947422176825
1762463541,243,,Aggregated,201.800000,0.200000,5,43,46,49,590,840,4800,8300,17000,22000,25000,22719,1828,5,292.4233386408962,1.7691600369289517,25253.615904948674,36935.92975042915
1762463542,244,,Aggregated,212.100000,0.200000,5,40,46,49,590,830,4700,8300,17000,22000,25000,22981,1828,5,290.45520035343947,1.7691600369289517,25253.615904948674,36932.55998433488
1762463543,245,,Aggregated,213.800000,0.200000,5,39,46,49,590,830,4700,8200,16000,22000,25000,23183,1829,5,289.35328882678374,1.7691600369289517,25253.615904948674,36979.513091489454
1762463544,246,,Aggregated,217.800000,0.200000,5,36,46,49,590,830,4600,8200,16000,22000,25000,23424,1829,5,287.3554491747836,1.7691600369289517,25253.615904948674,36962.08162568306
1762463545,247,,Aggregated,224.800000,0.300000,5,34,46,49,590,820,4500,8200,16000,22000,25000,23677,1829,5,285.2705388253998,1.7691600369289517,25253.615904948674,37091.45402711492
1762463546,248,,Aggregated,221.100000,0.200000,4,31,46,49,590,820,4400,8100,16000,22000,25000,23884,1829,4,283.61125014781385,1.7691600369289517,25253.615904948674,37129.82854630715
1762463547,249,,Aggregated,226.400000,0.200000,4,28,46,49,590,820,4400,8100,16000,22000,25000,24172,1829,4,281.2714919771311,1.7691600369289517,25253.615904948674,36996.9707099123
1762463548,250,,Aggregated,225.800000,0.200000,4,27,46,49,590,820,4300,8000,16000,22000,25000,24360,1829,4,280.0925737259344,1.7691600369289517,25253.615904948674,37035.3079638752
1762463549,251,,Aggregated,230.600000,0.200000,4,25,46,49,590,820,4100,8000,16000,22000,25000,24620,1829,4,277.98707767907104,1.7691600369289517,25253.615904948674,37025.49723801787
1762463550,252,,Aggregated,232.400000,0.200000,4,24,46,49,590,820,4000,7900,16000,22000,25000,24834,1829,4,276.35323056957765,1.7691600369289517,25253.615904948674,37025.26302649593
1762463551,253,,Aggregated,228.600000,0.100000,4,22,46,49,590,810,3700,7900,16000,22000,25000,25070,1829,4,274.6041824555732,1.7691600369289517,25253.615904948674,37013.32999601117
1762463552,254,,Aggregated,230.400000,0.100000,4,21,46,49,590,820,3700,7900,16000,22000,25000,25331,1829,4,273.0634191542723,1.7691600369289517,25253.615904948674,36985.70715723817
1762463553,255,,Aggregated,230.700000,0.100000,4,19,46,49,590,810,3600,7800,16000,22000,25000,25559,1829,4,271.48539907922765,1.7691600369289517,25253.615904948674,37010.32383896084
1762463554,256,,Aggregated,233.100000,0.100000,4,18,46,49,590,810,3400,7800,16000,22000,25000,25784,1829,4,270.01304913273657,1.7691600369289517,25253.615904948674,37076.742941358985
1762463555,257,,Aggregated,232.500000,0.000000,4,18,46,49,590,810,3100,7800,16000,22000,25000,26038,1829,4,268.4785966494743,1.7691600369289517,25253.615904948674,37075.26868423074
1762463556,258,,Aggregated,236.200000,0.000000,4,16,46,49,590,810,3000,7700,16000,22000,25000,26248,1829,4,267.06834289728334,1.7691600369289517,25253.615904948674,37073.78748857056
1762463557,259,,Aggregated,235.700000,0.000000,4,16,46,49,590,810,2600,7700,16000,22000,25000,26510,1829,4,265.3915471644355,1.7691600369289517,25253.615904948674,37155.839984911356
1762463558,260,,Aggregated,234.200000,0.000000,4,15,46,48,580,810,2400,7700,16000,22000,25000,26726,1829,4,263.95144197657265,1.7691600369289517,25253.615904948674,37189.01219785976
1762463559,261,,Aggregated,233.400000,0.000000,4,14,46,48,580,800,2300,7700,16000,22000,25000,27001,1829,4,262.1780114465713,1.7691600369289517,25253.615904948674,37157.5897188993
1762463560,262,,Aggregated,233.200000,0.000000,4,14,46,48,580,800,2200,7700,16000,22000,25000,27198,1829,4,261.2826704059074,1.7691600369289517,25253.615904948674,37264.46352672991
1762463561,263,,Aggregated,235.000000,0.000000,4,13,46,48,580,800,1900,7600,16000,22000,25000,27452,1829,4,259.8350494362566,1.7691600369289517,25253.615904948674,37335.46961969984
1762463562,264,,Aggregated,234.100000,0.000000,4,13,46,48,580,800,1900,7600,16000,22000,25000,27677,1829,4,258.56767507333086,1.7691600369289517,25253.615904948674,37276.24655851429
1762463563,265,,Aggregated,236.100000,0.000000,4,13,46,48,580,800,1800,7500,16000,22000,25000,27937,1829,4,257.00287958646163,1.7691600369289517,25253.615904948674,37312.57518702796
1762463564,266,,Aggregated,233.800000,0.000000,4,12,46,48,580,800,1700,7500,16000,22000,25000,28175,1829,4,255.74251439127767,1.7691600369289517,25253.615904948674,37269.721242236024
1762463565,267,,Aggregated,236.800000,0.000000,4,12,46,48,580,800,1600,7400,16000,22000,25000,28447,1829,4,254.13191416316465,1.7691600369289517,25253.615904948674,37299.39877667241
1762463566,268,,Aggregated,236.300000,0.000000,4,12,46,48,580,800,1600,7400,16000,22000,25000,28649,1829,4,253.1232575586975,1.7691600369289517,25253.615904948674,37344.372334112886
1762463567,269,,Aggregated,237.300000,0.000000,4,11,46,48,580,790,1500,7400,16000,22000,25000,28925,1829,4,251.60555020446006,1.7691600369289517,25253.615904948674,37380.970821089024
1762463568,270,,Aggregated,239.300000,0.000000,4,11,46,48,580,790,1500,7400,16000,22000,25000,29162,1829,4,250.46577498096133,1.7691600369289517,25253.615904948674,37438.979322405874
1762463569,271,,Aggregated,240.400000,0.000000,4,11,45,48,580,790,1500,7300,16000,22000,25000,29427,1829,4,249.06609609234073,1.7691600369289517,25253.615904948674,37368.86471607707
1762463570,272,,Aggregated,240.700000,0.000000,4,11,45,48,580,790,1500,7300,16000,22000,25000,29670,1829,4,247.80307529965557,1.7691600369289517,25253.615904948674,37359.403707448604
1762463571,273,,Aggregated,243.700000,0.000000,4,11,45,48,580,790,1400,7300,16000,22000,25000,29914,1829,4,246.68007020827912,1.7691600369289517,25253.615904948674,37392.19719863609
1762463572,274,,Aggregated,244.900000,0.000000,4,10,45,48,580,790,1400,7300,16000,21000,25000,30181,1829,4,245.4454204501635,1.7691600369289517,25253.615904948674,37371.430370100396
1762463573,275,,Aggregated,244.700000,0.000000,4,10,45,48,580,790,1400,7200,16000,21000,25000,30424,1829,4,244.1502032922072,1.7691600369289517,25253.615904948674,37439.153102813565
1762463574,276,,Aggregated,250.200000,0.000000,4,10,45,48,580,790,1400,7200,16000,21000,25000,30697,1829,4,242.8906910943838,1.7691600369289517,25253.615904948674,37439.8607030003
1762463575,277,,Aggregated,248.100000,0.000000,4,10,45,48,580,780,1300,7200,16000,21000,25000,30945,1829,4,241.64088061177947,1.7691600369289517,25253.615904948674,37413.17214412668
1762463576,278,,Aggregated,248.000000,0.000000,4,10,45,48,580,780,1300,7100,16000,21000,25000,31207,1829,4,240.32515044908345,1.7691600369289517,25253.615904948674,37415.582657737046
1762463577,279,,Aggregated,247.800000,0.000000,4,10,45,48,580,780,1300,7100,16000,21000,25000,31476,1829,4,239.11839194168056,1.7691600369289517,25253.615904948674,37418.564366501465
1762463578,280,,Aggregated,250.200000,0.000000,4,10,45,48,580,780,1300,7000,16000,21000,25000,31706,1829,4,238.16051844709386,1.7691600369289517,25253.615904948674,37508.29278370024
1762463579,281,,Aggregated,252.800000,0.000000,4,9,45,48,580,780,1300,7000,16000,21000,25000,31947,1829,4,236.95144086250338,1.7691600369289517,25253.615904948674,37527.7784142486
1762463580,282,,Aggregated,253.400000,0.000000,4,9,45,48,580,780,1300,6900,15000,21000,25000,32199,1829,4,236.28982616500443,1.7691600369289517,25253.615904948674,37591.724743004444
1762463581,283,,Aggregated,251.300000,0.000000,4,9,45,48,580,780,1200,6900,15000,21000,25000,32461,1829,4,235.08007216516765,1.7691600369289517,25253.615904948674,37584.02261174948
1762463582,284,,Aggregated,248.900000,0.000000,4,10,45,48,580,780,1200,6800,15000,21000,25000,32709,1829,4,234.37896667986533,1.7691600369289517,25253.615904948674,37620.052921214345
1762463583,285,,Aggregated,250.600000,0.000000,4,10,45,48,580,780,1200,6800,15000,21000,25000,32956,1829,4,233.5681408543373,1.7691600369289517,25253.615904948674,37628.8930088603
1762463584,286,,Aggregated,248.600000,0.000000,4,10,45,48,580,780,1200,6700,15000,21000,25000,33218,1829,4,232.60330565324958,1.7691600369289517,25253.615904948674,37587.61228851827
1762463585,287,,Aggregated,251.600000,0.000000,4,10,45,48,580,780,1200,6700,15000,21000,25000,33490,1829,4,231.76215156563038,1.7691600369289517,25253.615904948674,37562.9660794267
1762463586,288,,Aggregated,254.800000,0.000000,4,10,45,48,580,780,1200,6700,15000,21000,25000,33756,1829,4,230.7535344633016,1.7691600369289517,25253.615904948674,37607.41983647351
1762463587,289,,Aggregated,253.600000,0.000000,4,10,45,48,580,780,1200,6700,15000,21000,25000,34007,1829,4,229.57802763514158,1.7691600369289517,25253.615904948674,37663.45396536007
1762463588,290,,Aggregated,254.200000,0.000000,4,10,45,48,580,780,1200,6600,15000,21000,25000,34268,1829,4,228.7094443578371,1.7691600369289517,25253.615904948674,37692.875248044824
1762463589,291,,Aggregated,249.400000,0.000000,4,10,45,48,580,780,1200,6600,15000,21000,25000,34524,1829,4,227.87999537523604,1.7691600369289517,25253.615904948674,37766.83678021087
1762463590,292,,Aggregated,250.800000,0.000000,4,10,45,48,580,780,1200,6600,15000,21000,25000,34764,1829,4,227.01523045621607,1.7691600369289517,25253.615904948674,37733.22353584167
1762463591,293,,Aggregated,254.600000,0.000000,4,10,45,48,580,780,1200,6500,15000,21000,25000,35063,1829,4,225.8730059720971,1.7691600369289517,25253.615904948674,37711.905541453954
1762463592,294,,Aggregated,258.200000,0.000000,4,9,45,48,580,780,1200,6500,15000,21000,25000,35332,1829,4,224.9920389951349,1.7691600369289517,25253.615904948674,37697.25750028303
1762463593,295,,Aggregated,259.900000,0.000000,4,9,45,48,580,770,1100,6500,15000,21000,25000,35595,1829,4,223.867627492795,1.7691600369289517,25253.615904948674,37686.12875403849
1762463594,296,,Aggregated,258.700000,0.000000,4,9,45,48,580,780,1100,6400,15000,21000,25000,35856,1829,4,223.29808262807836,1.7691600369289517,25253.615904948674,37751.513498438195
1762463595,297,,Aggregated,262.900000,0.000000,4,9,45,48,580,770,1100,6400,15000,21000,25000,36144,1829,4,222.32786304984498,1.7691600369289517,25253.615904948674,37724.85023793714
1762463596,298,,Aggregated,258.200000,0.000000,4,9,45,48,580,770,1100,6300,15000,21000,25000,36402,1829,4,221.35572029069246,1.7691600369289517,25253.615904948674,37721.05233228944
1762463597,299,,Aggregated,260.500000,0.000000,4,9,45,48,580,770,1100,6300,15000,21000,25000,36685,1829,4,220.4362565480713,1.7691600369289517,25253.615904948674,37716.55077006951
1762463598,300,,Aggregated,263.000000,0.000000,4,9,45,48,580,770,1100,6200,15000,21000,25000,36949,1829,4,219.43580606567068,1.7691600369289517,25253.615904948674,37708.90015967956
1762463599,301,,Aggregated,266.600000,0.000000,4,9,45,48,580,770,1100,6200,15000,21000,25000,37226,1829,4,218.5461213997303,1.7691600369289517,25253.615904948674,37659.90536184387
1762463600,302,,Aggregated,269.500000,0.000000,4,9,45,48,580,770,1100,6100,15000,21000,25000,37496,1829,4,217.8738483573148,1.7691600369289517,25253.615904948674,37638.027682952845
1762463601,303,,Aggregated,266.600000,0.000000,4,9,45,48,580,770,1100,6100,15000,21000,25000,37762,1829,4,217.4582333844674,1.7691600369289517,25253.615904948674,37600.877045707326
1762463602,304,,Aggregated,269.100000,0.000000,4,9,45,48,580,770,1100,6100,15000,21000,25000,38034,1829,4,216.6525690242916,1.7691600369289517,25253.615904948674,37595.19900615239
1762463603,305,,Aggregated,266.800000,0.000000,4,9,45,48,580,770,1100,6000,15000,21000,25000,38321,1829,4,215.7474732359375,1.7691600369289517,25253.615904948674,37616.21239007333
1762463604,306,,Aggregated,269.000000,0.000000,4,9,45,48,580,770,1100,5900,15000,21000,25000,38610,1829,4,214.9597241309468,1.7691600369289517,25253.615904948674,37545.17790727791
1762463605,307,,Aggregated,265.500000,0.000000,4,8,45,48,580,770,1100,5900,15000,21000,25000,38873,1829,4,214.55021836077955,1.7691600369289517,25253.615904948674,37607.93630540478
1762463606,308,,Aggregated,270.000000,0.000000,4,8,45,48,580,770,1100,5800,15000,21000,25000,39154,1829,4,213.57288233789643,1.7691600369289517,25253.615904948674,37559.606017265156
1762463607,309,,Aggregated,271.800000,0.000000,4,8,45,48,580,770,1100,5700,15000,21000,25000,39422,1829,4,213.0025293223969,1.7691600369289517,25253.615904948674,37592.47455735376
1762463608,310,,Aggregated,273.300000,0.000000,4,8,45,48,580,770,1100,5700,15000,21000,25000,39742,1829,4,211.91320350829554,1.7691600369289517,25253.615904948674,37593.64068240149
1762463609,311,,Aggregated,272.200000,0.000000,4,8,45,48,580,770,1100,5700,15000,20000,25000,40003,1829,4,211.19889584225982,1.7691600369289517,25253.615904948674,37653.56480763943
1762463610,312,,Aggregated,270.600000,0.000000,4,8,45,48,580,770,1100,5700,15000,20000,25000,40224,1829,4,210.64946143540783,1.7691600369289517,25253.615904948674,37718.06394192522
1762463611,313,,Aggregated,278.600000,0.000000,4,8,45,48,580,770,1100,5600,15000,20000,25000,40544,1829,4,209.9223579688864,1.7691600369289517,25253.615904948674,37739.06708760852
1762463612,314,,Aggregated,273.500000,0.000000,4,8,45,48,580,770,1100,5500,15000,20000,25000,40825,1829,4,209.05266051142092,1.7691600369289517,25253.615904948674,37691.105205143904
1762463613,315,,Aggregated,273.100000,0.000000,4,8,45,48,580,770,1100,5400,15000,20000,25000,41104,1829,4,208.3264824271204,1.7691600369289517,25253.615904948674,37690.76325905021
1762463614,316,,Aggregated,274.400000,0.000000,4,8,45,48,580,770,1100,5400,15000,20000,25000,41370,1829,4,207.68757137665585,1.7691600369289517,25253.615904948674,37688.944718394974
1762463615,317,,Aggregated,277.500000,0.000000,4,8,45,48,580,770,1100,5400,15000,20000,25000,41657,1829,4,206.9363225422505,1.7691600369289517,25253.615904948674,37691.835753894906
1762463616,318,,Aggregated,277.700000,0.000000,4,8,45,48,580,770,1100,5300,15000,20000,25000,41920,1829,4,206.45012686114086,1.7691600369289517,25253.615904948674,37663.674666030536
1762463617,319,,Aggregated,274.600000,0.000000,4,8,45,48,580,770,1100,5300,15000,20000,25000,42209,1829,4,205.99449906280412,1.7691600369289517,25253.615904948674,37686.04799924187
1762463618,320,,Aggregated,274.700000,0.000000,4,8,45,48,580,770,1100,5300,15000,20000,25000,42516,1829,4,205.215902665961,1.7691600369289517,25253.615904948674,37676.8747295136
1762463619,321,,Aggregated,273.500000,0.000000,4,8,45,48,580,770,1100,5200,15000,20000,25000,42799,1829,4,204.75466910097967,1.7691600369289517,25253.615904948674,37638.39919156989
1762463620,322,,Aggregated,278.500000,0.000000,4,8,45,48,590,770,1100,5200,15000,20000,25000,43105,1829,4,204.11467282140913,1.7691600369289517,25253.615904948674,37593.7541584503
1762463621,323,,Aggregated,275.100000,0.000000,4,8,45,48,580,770,1100,5200,15000,20000,25000,43396,1829,4,203.38398296089284,1.7691600369289517,25253.615904948674,37585.41499216518
1762463622,324,,Aggregated,278.100000,0.000000,4,8,45,48,590,770,1100,5100,15000,20000,25000,43715,1829,4,202.9142482848898,1.7691600369289517,25253.615904948674,37641.35205307103
1762463623,325,,Aggregated,285.000000,0.000000,4,8,45,48,590,770,1100,5100,15000,20000,25000,44000,1829,4,202.38311213554155,1.7691600369289517,25253.615904948674,37576.05975
1762463624,326,,Aggregated,283.200000,0.000000,4,8,45,48,580,770,1100,5000,15000,20000,25000,44301,1829,4,201.71013392920594,1.7691600369289517,25253.615904948674,37587.23557030315
1762463625,327,,Aggregated,288.900000,0.000000,4,8,45,48,580,770,1100,5000,15000,20000,25000,44606,1829,4,201.17748062741322,1.7691600369289517,25253.615904948674,37589.24122315383
1762463626,328,,Aggregated,286.700000,0.000000,4,8,45,48,580,770,1100,5000,15000,20000,25000,44932,1829,4,200.57375752151987,1.7691600369289517,25253.615904948674,37560.72131220511
1762463627,329,,Aggregated,290.900000,0.000000,4,8,45,48,590,770,1000,4900,15000,20000,25000,45207,1829,4,200.13116538960742,1.7691600369289517,25253.615904948674,37565.35501139204
1762463628,330,,Aggregated,293.200000,0.000000,4,8,45,48,590,770,1000,4900,15000,20000,25000,45541,1829,4,199.3883272499502,1.7691600369289517,25253.615904948674,37572.37124788652
1762463629,331,,Aggregated,301.900000,0.000000,4,8,45,48,590,770,1000,4800,15000,20000,25000,45821,1829,4,198.81309791030705,1.7691600369289517,25253.615904948674,37588.812116715046
1762463630,332,,Aggregated,295.600000,0.000000,4,8,45,48,590,770,1000,4800,15000,20000,25000,46136,1830,4,198.41389659678813,1.7691600369289517,25253.615904948674,37547.79371857118
1762463631,333,,Aggregated,299.700000,0.000000,4,8,45,48,590,770,1000,4800,15000,20000,25000,46438,1831,4,197.82841117396197,1.7691600369289517,25253.615904948674,37543.31401007796
1762463632,334,,Aggregated,300.200000,0.000000,4,8,45,48,590,770,1000,4700,15000,20000,25000,46730,1831,4,197.17514450777315,1.7691600369289517,25253.615904948674,37582.951979456455
1762463633,335,,Aggregated,300.500000,0.100000,4,8,45,48,590,770,1000,4700,15000,20000,25000,47024,1831,4,196.85713064117402,1.7691600369289517,25253.615904948674,37631.571431609394
1762463634,336,,Aggregated,302.100000,0.200000,4,8,45,48,580,770,1000,4700,15000,20000,25000,47346,1831,4,196.28636877682968,1.7691600369289517,25253.615904948674,37584.98984074684
1762463635,337,,Aggregated,297.300000,0.200000,4,8,45,48,580,770,1000,4600,15000,20000,25000,47645,1836,4,195.9229719898807,1.7691600369289517,25253.615904948674,37568.04779095393
1762463636,338,,Aggregated,302.100000,0.200000,4,8,45,48,590,770,1000,4600,15000,20000,25000,47963,1863,4,195.90152221765095,1.7691600369289517,25253.615904948674,37559.83841711319
1762463637,339,,Aggregated,303.000000,0.200000,4,7,45,48,590,770,1000,4600,15000,20000,25000,48327,1909,4,195.51588961178675,1.7691600369289517,25253.615904948674,37525.616839447925
1762463638,340,,Aggregated,301.400000,0.700000,4,7,45,48,590,770,1000,4500,15000,20000,25000,48615,1946,4,194.898378545747,1.7691600369289517,25253.615904948674,37539.226946415714
1762463640,341,,Aggregated,298.600000,3.500000,4,7,45,48,580,770,1000,4500,15000,20000,25000,48949,1989,4,194.16819691594944,1.7646769993007183,25253.615904948674,37449.587080430654
1762463641,342,,Aggregated,305.100000,11.700000,4,7,45,48,580,770,1000,4400,15000,20000,25000,49264,2027,4,193.43752648914656,1.7646769993007183,25253.615904948674,37404.10774602144
1762463642,343,,Aggregated,309.300000,16.000000,4,7,45,48,580,770,1000,4400,15000,20000,25000,49523,2059,4,192.97795311091573,1.7646769993007183,25253.615904948674,37396.82581830664
1762463643,344,,Aggregated,309.300000,19.500000,4,8,45,48,580,770,1000,4400,15000,20000,25000,49862,2104,4,192.4543619980274,1.7646769993007183,25253.615904948674,37302.76890216999
1762463644,345,,Aggregated,307.400000,22.800000,4,8,45,48,580,770,1000,4300,14000,20000,25000,50181,2140,4,192.10460568377118,1.7646769993007183,25253.615904948674,37352.81295709532
1762463645,346,,Aggregated,310.900000,27.300000,4,8,45,48,580,770,1000,4200,14000,20000,25000,50511,2184,4,191.318444442463,1.7646769993007183,25253.615904948674,37289.720239155824
1762463646,347,,Aggregated,312.700000,30.900000,4,8,45,48,580,770,1000,4100,14000,20000,25000,50776,2194,4,190.90210993135545,1.7646769993007183,25253.615904948674,37355.51140302505
1762463647,348,,Aggregated,312.300000,34.900000,4,8,45,48,580,770,1000,4100,14000,20000,25000,51019,2194,4,190.65638041457518,1.7646769993007183,25253.615904948674,37376.11674082205
1762463648,349,,Aggregated,310.700000,35.800000,4,8,45,48,580,770,1000,4000,14000,20000,25000,51233,2194,4,190.36409890061515,1.7646769993007183,25253.615904948674,37415.67204731325
1762463649,350,,Aggregated,304.200000,33.000000,4,8,45,48,590,770,1000,3900,14000,20000,25000,51416,2194,4,190.24272093911864,1.7646769993007183,25253.615904948674,37469.357340127586
1762463650,351,,Aggregated,289.400000,28.500000,4,8,45,48,590,770,1000,3900,14000,20000,25000,51565,2194,4,190.12846929125465,1.7646769993007183,25253.615904948674,37553.56317269466
1762463651,352,,Aggregated,278.600000,24.800000,4,8,45,48,590,770,1000,3700,14000,20000,25000,51696,2194,4,190.11815470187062,1.7646769993007183,25253.615904948674,37654.47266713092
1762463652,353,,Aggregated,260.700000,20.500000,4,8,45,48,590,770,1000,3700,14000,20000,25000,51822,2194,4,190.341227666505,1.7646769993007183,25253.615904948674,37763.492647910156
1762463653,354,,Aggregated,242.600000,16.900000,4,8,45,48,590,770,1000,4100,14000,20000,25000,51932,2194,4,191.13679204270392,1.7646769993007183,25253.615904948674,37757.91344450435
1762463654,355,,Aggregated,229.200000,13.500000,4,8,45,48,590,780,1000,4200,14000,20000,25000,52082,2194,4,192.24782455935727,1.7646769993007183,25253.615904948674,37761.2929610998
1762463655,356,,Aggregated,205.400000,9.000000,4,8,45,48,590,780,1000,4400,14000,20000,25000,52188,2194,4,193.19972917189466,1.7646769993007183,25253.615904948674,37812.828772897985
1762463656,357,,Aggregated,187.300000,5.400000,4,8,45,48,590,780,1100,4600,14000,20000,25000,52388,2194,4,195.84204689154183,1.7646769993007183,25253.615904948674,37803.09278842483
1762463657,358,,Aggregated,166.800000,1.400000,4,8,45,48,590,780,1100,4900,14000,20000,25000,52658,2194,4,200.91040134412705,1.7646769993007183,25253.615904948674,37775.035702077555
1762463658,359,,Aggregated,160.500000,0.000000,4,8,45,48,590,780,1100,5200,14000,20000,25000,52964,2194,4,204.6334671323471,1.7646769993007183,25253.615904948674,37808.04861792916
1762463659,360,,Aggregated,161.100000,0.000000,4,8,45,48,590,780,1100,5200,14000,20000,25000,53240,2194,4,204.24836824304117,1.7646769993007183,25253.615904948674,37771.64308790383
1762463660,361,,Aggregated,168.500000,0.000000,4,8,45,48,590,780,1100,5200,14000,20000,25000,53558,2194,4,203.4294617587856,1.7646769993007183,25253.615904948674,37751.12524739535
1762463661,362,,Aggregated,178.700000,0.000000,4,8,45,48,590,780,1100,5100,14000,20000,25000,53850,2194,4,202.7606300187896,1.7646769993007183,25253.615904948674,37743.7069452182
1762463662,363,,Aggregated,196.900000,0.000000,4,8,45,48,590,780,1100,5100,14000,20000,25000,54133,2196,4,202.2782732048118,1.7646769993007183,25253.615904948674,37750.91064600152
1762463663,364,,Aggregated,210.700000,0.000000,4,7,45,48,590,780,1100,5100,14000,20000,25000,54428,2196,4,201.698561895393,1.7646769993007183,25253.615904948674,37755.359190122734
1762463664,365,,Aggregated,226.800000,0.200000,4,7,45,48,590,780,1100,5100,14000,20000,25000,54733,2196,4,202.5992481722996,1.7646769993007183,25253.615904948674,37744.992691794716
1762463665,366,,Aggregated,246.100000,0.200000,4,7,45,48,590,780,1100,5600,15000,20000,25000,55071,2196,4,212.13342768619054,1.7646769993007183,25253.615904948674,37695.16082874834
1762463666,367,,Aggregated,263.300000,0.200000,4,7,45,48,590,780,1100,5500,15000,20000,25000,55384,2196,4,211.4143926957426,1.7646769993007183,25253.615904948674,37680.59778997544
1762463667,368,,Aggregated,283.000000,0.200000,4,7,45,48,590,780,1100,5500,15000,20000,25000,55694,2196,4,210.83505355630064,1.7646769993007183,25253.615904948674,37617.795561460836
1762463668,369,,Aggregated,296.500000,0.200000,4,7,45,48,590,780,1100,5400,15000,20000,25000,56054,2196,4,210.16047714821255,1.7646769993007183,25253.615904948674,37594.63642202162
1762463669,370,,Aggregated,300.700000,0.200000,4,7,45,48,590,780,1100,5400,15000,20000,25000,56347,2197,4,209.7024382281396,1.7646769993007183,25253.615904948674,37588.71118249419
1762463670,371,,Aggregated,305.200000,0.200000,4,7,45,48,590,780,1100,5400,15000,20000,25000,56710,2197,4,209.6252085094409,1.7646769993007183,25253.615904948674,37545.19719626168
1762463671,372,,Aggregated,309.400000,0.300000,4,7,44,48,590,780,1100,5400,15000,20000,25000,56999,2197,4,208.88067567479376,1.7646769993007183,25253.615904948674,37567.156809768596
1762463672,373,,Aggregated,308.900000,0.300000,4,7,44,48,590,780,1100,5300,15000,20000,25000,57355,2197,4,208.7755097926962,1.7646769993007183,25253.615904948674,37556.21842908203
1762463673,374,,Aggregated,314.500000,0.300000,4,7,44,48,590,780,1100,5300,16000,21000,25000,57712,2197,4,209.13506114534738,1.7646769993007183,25253.615904948674,37582.49416065983
1762463674,375,,Aggregated,316.800000,0.100000,4,7,44,48,590,780,1100,5300,16000,21000,25000,58039,2197,4,209.21700977956016,1.7646769993007183,25253.615904948674,37573.191750374746
1762463675,376,,Aggregated,325.300000,0.100000,4,7,44,48,590,780,1100,5300,16000,22000,28000,58365,2197,4,209.6403270823409,1.7646769993007183,28105.48310598824,37617.05105799709
1762463676,377,,Aggregated,322.200000,0.100000,4,7,44,48,590,780,1100,5300,16000,25000,28000,58752,2197,4,210.57278244005784,1.7646769993007183,28105.48310598824,37589.23594090414
1762463677,378,,Aggregated,327.400000,0.100000,4,7,44,48,590,780,1100,5300,16000,25000,28000,59074,2197,4,211.02967762938275,1.7646769993007183,28105.48310598824,37645.33994650777
1762463678,379,,Aggregated,329.900000,0.100000,4,7,44,48,590,780,1100,5300,17000,25000,28000,59445,2197,4,211.4596496337143,1.7646769993007183,28105.48310598824,37623.17875346959
1762463679,380,,Aggregated,333.200000,0.100000,4,7,44,48,590,780,1100,5300,17000,25000,28000,59772,2197,4,211.5745153512767,1.7646769993007183,28105.48310598824,37661.66101184501
1762463680,381,,Aggregated,336.900000,0.100000,4,7,44,48,590,780,1100,5300,17000,25000,28000,60133,2197,4,210.89775456015283,1.7646769993007183,28105.48310598824,37651.54949861141
1762463681,382,,Aggregated,336.900000,0.000000,4,7,44,48,590,780,1100,5300,17000,25000,28000,60464,2197,4,211.3617724226132,1.7646769993007183,28105.48310598824,37673.36004895475
1762463682,383,,Aggregated,338.900000,0.000000,4,7,44,48,590,780,1100,5300,17000,25000,28000,60818,2197,4,210.93599124986983,1.7646769993007183,28105.48310598824,37676.431188135095
1762463683,384,,Aggregated,342.700000,0.000000,4,7,44,48,590,780,1100,5300,17000,25000,28000,61153,2197,4,210.85675473439656,1.7646769993007183,28105.48310598824,37681.39132994293
1762463684,385,,Aggregated,345.300000,0.000000,4,7,44,48,590,780,1100,5200,17000,25000,28000,61511,2197,4,211.29705212158427,1.7646769993007183,28105.48310598824,37739.63102534506
1762463685,386,,Aggregated,341.600000,0.000000,4,7,44,48,590,780,1100,5200,17000,25000,28000,61838,2197,4,210.71767825034283,1.7646769993007183,28105.48310598824,37783.83511756525
1762463686,387,,Aggregated,347.100000,0.000000,4,7,44,48,590,780,1100,5200,16000,25000,28000,62194,2201,4,210.0722534102514,1.7646769993007183,28105.48310598824,37776.191819146545
1762463687,388,,Aggregated,343.400000,0.000000,4,7,44,48,590,780,1100,5100,16000,25000,28000,62547,2238,4,209.61434913797103,1.7646769993007183,28105.48310598824,37784.948966377284
1762463688,389,,Aggregated,340.400000,0.100000,4,7,44,48,590,780,1100,5000,16000,25000,28000,62921,2278,4,208.82558839824856,1.7646769993007183,28105.48310598824,37749.922474213694
1762463689,390,,Aggregated,344.300000,2.500000,4,7,44,48,590,780,1100,5000,16000,25000,28000,63238,2314,4,208.36545887587587,1.7646769993007183,28105.48310598824,37723.240504127265
1762463690,391,,Aggregated,344.500000,6.400000,4,7,44,48,590,780,1100,5000,16000,25000,28000,63604,2355,4,207.6478136724144,1.7646769993007183,28105.48310598824,37704.233302936926
1762463691,392,,Aggregated,345.700000,10.100000,4,7,44,48,590,780,1100,4900,16000,25000,28000,63975,2394,4,207.06919406426817,1.7646769993007183,28105.48310598824,37693.61228604924
1762463692,393,,Aggregated,348.200000,14.200000,4,7,44,48,590,780,1100,4900,16000,25000,28000,64343,2437,4,206.38045080158366,1.7646769993007183,28105.48310598824,37680.249801843245
1762463693,394,,Aggregated,347.800000,18.400000,4,7,44,48,590,780,1100,4800,16000,25000,28000,64747,2481,4,205.79785913911505,1.7646769993007183,28105.48310598824,37662.52734489629
1762463694,395,,Aggregated,348.200000,22.200000,4,7,44,48,590,780,1100,4800,16000,25000,28000,65088,2519,4,205.13317782711297,1.7646769993007183,28105.48310598824,37647.372464970504
1762463695,396,,Aggregated,353.100000,26.500000,4,7,44,48,590,780,1100,4700,16000,25000,28000,65472,2562,4,204.57135796477843,1.7646769993007183,28105.48310598824,37617.50076368524
1762463696,397,,Aggregated,358.300000,30.700000,4,7,44,48,590,780,1100,4700,16000,25000,28000,65848,2604,4,203.95134681889448,1.7646769993007183,28105.48310598824,37554.97322621795
1762463697,398,,Aggregated,357.200000,34.200000,4,7,44,48,590,780,1100,4700,16000,25000,28000,66204,2641,4,203.40330998635864,1.7646769993007183,28105.48310598824,37580.96053108574
1762463698,399,,Aggregated,365.400000,38.900000,4,7,44,48,590,780,1100,4600,16000,25000,28000,66501,2647,4,202.9871354585582,1.7646769993007183,28105.48310598824,37644.79093547465
1762463699,400,,Aggregated,365.100000,40.400000,4,7,44,48,590,780,1100,4600,16000,25000,28000,66779,2647,4,202.6987010659455,1.7646769993007183,28105.48310598824,37666.43865586487
1762463700,401,,Aggregated,359.000000,38.600000,4,7,44,48,590,780,1100,4600,16000,25000,28000,66999,2647,4,202.58448567158254,1.7646769993007183,28105.48310598824,37750.306989656565
1762463701,402,,Aggregated,355.000000,34.900000,4,7,44,48,590,780,1100,4500,16000,25000,28000,67203,2647,4,202.65198267288753,1.7646769993007183,28105.48310598824,37798.96413850572
1762463702,403,,Aggregated,342.500000,30.800000,4,7,44,48,590,780,1100,4500,16000,25000,28000,67368,2647,4,202.5790604549533,1.7646769993007183,28105.48310598824,37857.416444009024
1762463703,404,,Aggregated,326.900000,26.600000,4,7,44,48,590,780,1100,4500,16000,25000,28000,67499,2647,4,202.59973283174722,1.7646769993007183,28105.48310598824,37933.72724040356
1762463704,405,,Aggregated,309.700000,22.800000,4,7,44,48,590,780,1100,4500,16000,25000,28000,67637,2647,4,202.7607462488991,1.7646769993007183,28105.48310598824,38021.92150745894
1762463705,406,,Aggregated,285.900000,18.500000,4,7,44,48,590,780,1100,4500,16000,25000,28000,67768,2647,4,202.83311637440892,1.7646769993007183,28105.48310598824,38086.38357336796
1762463706,407,,Aggregated,260.700000,14.300000,4,7,44,48,590,780,1100,4500,16000,25000,28000,67867,2647,4,202.91192747190001,1.7646769993007183,28105.48310598824,38149.59671121458
1762463707,408,,Aggregated,243.700000,10.800000,4,7,44,48,590,780,1100,4500,16000,25000,28000,67986,2647,4,203.36194960940406,1.7646769993007183,28105.48310598824,38203.84617421234
1762463708,409,,Aggregated,211.600000,6.000000,4,7,44,48,590,780,1100,4900,16000,25000,28000,68199,2647,4,207.37617990777213,1.7646769993007183,28105.48310598824,38206.202862212056
1762463709,410,,Aggregated,186.500000,2.100000,4,7,44,48,600,790,1100,5200,16000,25000,28000,68447,2647,4,211.47883858596506,1.7646769993007183,28105.48310598824,38182.68761231317
1762463710,411,,Aggregated,167.700000,0.000000,4,7,44,48,600,790,1100,5500,16000,25000,28000,68721,2647,4,214.75736816231685,1.7646769993007183,28105.48310598824,38150.187599132725
1762463711,412,,Aggregated,164.100000,0.000000,4,7,44,48,600,790,1100,5600,16000,25000,28000,69068,2647,4,216.52140049983817,1.7646769993007183,28105.48310598824,38122.61896971101
1762463712,413,,Aggregated,165.500000,0.000000,4,7,44,48,600,790,1100,5700,16000,25000,28000,69388,2647,4,218.6071681834959,1.7646769993007183,28105.48310598824,38160.698607828446
1762463713,414,,Aggregated,175.000000,0.000000,4,7,44,48,600,790,1100,5700,16000,25000,28000,69754,2647,4,218.33539132963793,1.7646769993007183,28105.48310598824,38143.020428935975
1762463714,415,,Aggregated,189.300000,0.000000,4,7,44,48,600,790,1100,5700,16000,25000,28000,70111,2647,4,217.63101181322617,1.7646769993007183,28105.48310598824,38126.58537176763
1762463715,416,,Aggregated,210.900000,0.000000,4,7,44,48,600,790,1100,5700,16000,25000,28000,70445,2647,4,217.02910138026965,1.7646769993007183,28105.48310598824,38130.90724678827
1762463716,417,,Aggregated,233.000000,0.000000,4,7,44,48,600,790,1100,5700,16000,25000,28000,70795,2647,4,216.33217419316264,1.7646769993007183,28105.48310598824,38110.299427925704
1762463717,418,,Aggregated,252.600000,0.000000,4,7,44,48,600,790,1100,5700,16000,25000,28000,71169,2647,4,216.4500164585838,1.7646769993007183,28105.48310598824,38077.68186991527
1762463718,419,,Aggregated,277.700000,0.000000,4,7,44,48,600,790,1100,5700,16000,25000,28000,71534,2647,4,215.72870346164714,1.7646769993007183,28105.48310598824,38063.464576285405
1762463719,420,,Aggregated,303.200000,0.000000,4,7,44,48,600,790,1100,5700,17000,25000,28000,71897,2647,4,217.79282515614148,1.7646769993007183,28105.48310598824,38021.16538937647
1762463720,421,,Aggregated,323.600000,0.000000,4,7,44,48,600,790,1100,5900,17000,25000,28000,72294,2648,4,221.67672750097515,1.7646769993007183,28105.48310598824,38007.58298060697
1762463721,422,,Aggregated,335.700000,0.000000,4,7,44,48,600,790,1100,5900,17000,25000,28000,72648,2648,4,221.65494008724386,1.7646769993007183,28105.48310598824,37980.319361854425
1762463722,423,,Aggregated,348.100000,0.100000,4,7,44,48,600,790,1100,5900,17000,25000,28000,73069,2649,4,222.07512547748686,1.7646769993007183,28105.48310598824,37954.83733183703
1762463723,424,,Aggregated,358.200000,0.100000,4,7,44,48,590,790,1100,5800,17000,25000,28000,73495,2649,4,221.51320006237418,1.7646769993007183,28105.48310598824,37912.56806585482
1762463724,425,,Aggregated,361.200000,0.100000,4,7,44,48,590,790,1100,5800,17000,25000,28000,73893,2649,4,221.0144004864613,1.7646769993007183,28105.48310598824,37934.6415357341
1762463725,426,,Aggregated,364.200000,0.200000,4,7,44,48,590,790,1100,5800,17000,25000,28000,74275,2649,4,220.92125070363667,1.7646769993007183,28105.48310598824,37907.971013126895
1762463726,427,,Aggregated,371.800000,0.200000,4,7,44,48,590,790,1100,5800,17000,25000,29000,74677,2649,4,221.00145620920023,1.7646769993007183,28505.91304106638,37900.09778111065
1762463727,428,,Aggregated,372.500000,0.200000,4,7,44,48,590,790,1100,5800,17000,26000,29000,75072,2649,4,220.9213107239429,1.7646769993007183,28505.91304106638,37917.4233935422
1762463728,429,,Aggregated,381.000000,0.200000,4,7,44,48,590,790,1100,5800,17000,26000,29000,75458,2649,4,220.29750757891807,1.7646769993007183,28505.91304106638,37944.57787113361
1762463729,430,,Aggregated,384.100000,0.200000,4,7,44,48,590,780,1100,5700,17000,26000,29000,75887,2649,4,219.87696525581313,1.7646769993007183,28505.91304106638,37946.72312780845
1762463730,431,,Aggregated,388.900000,0.200000,4,7,44,48,590,790,1100,5700,17000,26000,29000,76263,2649,4,219.5639425917028,1.7646769993007183,28505.91304106638,37964.81965042026
1762463731,432,,Aggregated,390.200000,0.200000,4,7,44,48,590,780,1100,5700,17000,26000,29000,76663,2649,4,218.90213284365387,1.7646769993007183,28505.91304106638,37943.7006769889
1762463732,433,,Aggregated,394.200000,0.100000,4,7,44,48,590,780,1100,5600,17000,26000,29000,77123,2649,4,218.1063154205717,1.7646769993007183,28505.91304106638,37924.662590926186
1762463733,434,,Aggregated,391.600000,0.100000,4,7,44,48,590,780,1100,5600,17000,26000,29000,77499,2649,4,217.5912287466918,1.7646769993007183,28505.91304106638,37943.69575091291
1762463734,435,,Aggregated,397.600000,0.100000,4,7,44,48,590,780,1100,5600,17000,26000,29000,77908,2649,4,216.9818928490929,1.7646769993007183,28505.91304106638,37918.50216922524
1762463735,436,,Aggregated,400.900000,0.000000,4,7,44,48,590,780,1100,5500,17000,26000,29000,78349,2649,4,216.34387680100969,1.7646769993007183,28505.91304106638,37921.82576676154
1762463736,437,,Aggregated,396.300000,0.000000,4,7,44,48,590,780,1100,5400,17000,26000,29000,78748,2649,4,215.63465167039894,1.7646769993007183,28505.91304106638,37909.5174226647
1762463737,438,,Aggregated,401.100000,0.000000,4,7,44,48,590,780,1100,5400,17000,26000,29000,79150,2649,4,215.07009551524504,1.7646769993007183,28505.91304106638,37895.9556032849
1762463738,439,,Aggregated,400.200000,0.000000,4,7,44,48,590,780,1100,5400,17000,26000,29000,79578,2649,4,214.50271178790263,1.7646769993007183,28505.91304106638,37857.76330141496
1762463739,440,,Aggregated,401.300000,0.000000,4,7,44,48,590,780,1100,5300,17000,26000,29000,79978,2649,4,213.84003130637316,1.7646769993007183,28505.91304106638,37847.63079846958
1762463740,441,,Aggregated,406.900000,0.000000,4,7,44,48,590,780,1100,5300,17000,25000,29000,80414,2649,4,213.34668280273272,1.7646769993007183,28505.91304106638,37901.781194816824
1762463741,442,,Aggregated,408.100000,0.000000,4,7,44,48,590,780,1100,5300,17000,25000,29000,80830,2649,4,212.79108979318391,1.7646769993007183,28505.91304106638,37888.43355189905
1762463742,443,,Aggregated,405.000000,0.000000,4,7,44,48,590,780,1100,5200,17000,25000,29000,81199,2649,4,212.23265345565463,1.7646769993007183,28505.91304106638,37916.62479833495
1762463743,444,,Aggregated,412.400000,0.000000,4,7,44,48,590,780,1100,5200,17000,25000,29000,81673,2649,4,211.514289674456,1.7646769993007183,28505.91304106638,37871.397107979385
1762463744,445,,Aggregated,411.900000,0.000000,4,7,44,48,590,780,1100,5100,17000,25000,29000,82039,2649,4,211.12415445136443,1.7646769993007183,28505.91304106638,37888.87757042382
1762463745,446,,Aggregated,407.800000,0.000000,4,7,44,48,590,780,1100,5000,17000,25000,29000,82519,2649,4,210.44826495649855,1.7646769993007183,28505.91304106638,37890.69179219331
1762463746,447,,Aggregated,412.800000,0.000000,4,7,44,48,590,780,1100,5000,17000,25000,29000,82932,2649,4,209.96023022106345,1.7646769993007183,28505.91304106638,37897.24597260406
1762463747,448,,Aggregated,412.100000,0.000000,4,7,44,48,590,780,1100,4900,17000,25000,29000,83348,2649,4,209.39849495038513,1.7646769993007183,28505.91304106638,37889.16300331142
1762463748,449,,Aggregated,415.300000,0.000000,4,7,44,48,590,780,1100,4900,17000,25000,29000,83785,2649,4,208.76273920675163,1.7646769993007183,28505.91304106638,37930.966235006264
1762463749,450,,Aggregated,416.100000,0.000000,4,7,44,48,590,780,1100,4800,17000,25000,29000,84274,2649,4,208.19238363192724,1.7646769993007183,28505.91304106638,37926.159100078316
1762463750,451,,Aggregated,413.700000,0.000000,4,7,44,48,590,780,1100,4800,17000,25000,29000,84682,2649,4,207.5753953434475,1.7646769993007183,28505.91304106638,37882.62388701259
1762463751,452,,Aggregated,417.300000,0.000000,4,7,44,47,590,780,1100,4800,17000,25000,29000,85139,2649,4,206.9499255263801,1.7646769993007183,28505.91304106638,37843.368139160666
1762463752,453,,Aggregated,426.200000,0.000000,4,7,44,47,590,780,1100,4700,17000,25000,29000,85567,2649,4,206.3788299065299,1.7646769993007183,28505.91304106638,37856.922750593105
1762463753,454,,Aggregated,421.600000,0.000000,4,7,44,47,590,780,1100,4700,17000,25000,29000,86004,2649,4,205.92242859703947,1.7646769993007183,28505.91304106638,37861.9299567462
1762463754,455,,Aggregated,426.700000,0.000000,4,7,44,48,590,780,1100,4600,17000,25000,29000,86387,2649,4,205.63234333161486,1.7646769993007183,28505.91304106638,37837.18345352889
1762463756,456,,Aggregated,430.500000,0.000000,4,7,44,47,590,780,1100,4600,17000,25000,29000,86876,2649,4,204.8136551066925,1.7646769993007183,28505.91304106638,37810.05330586123
1762463757,457,,Aggregated,429.600000,0.000000,4,7,44,47,590,780,1100,4500,17000,25000,29000,87295,2649,4,204.37968312029497,1.7646769993007183,28505.91304106638,37792.97005555874
1762463758,458,,Aggregated,432.100000,0.000000,4,7,44,47,590,780,1100,4500,17000,25000,29000,87769,2649,4,203.77468496099138,1.7646769993007183,28505.91304106638,37757.54886121523
1762463759,459,,Aggregated,432.400000,0.000000,4,7,44,47,590,780,1100,4400,17000,25000,29000,88184,2649,4,203.31119055813005,1.7646769993007183,28505.91304106638,37776.252642202664
1762463760,460,,Aggregated,437.800000,0.000000,4,7,44,47,590,780,1100,4400,17000,25000,29000,88616,2649,4,202.8559158885264,1.7646769993007183,28505.91304106638,37758.43505687461
1762463761,461,,Aggregated,435.500000,0.000000,4,7,44,47,590,780,1100,4400,17000,25000,29000,89098,2649,4,202.2903093189246,1.7646769993007183,28505.91304106638,37752.14853307594
1762463762,462,,Aggregated,431.300000,0.000000,4,7,44,47,590,780,1100,4300,17000,25000,29000,89495,2649,4,201.7926539207318,1.7646769993007183,28505.91304106638,37760.28796022124
1762463763,463,,Aggregated,438.300000,0.000000,4,7,44,47,590,780,1100,4200,17000,25000,29000,89987,2649,4,201.2970447912541,1.7646769993007183,28505.91304106638,37750.20789669619
1762463764,464,,Aggregated,433.200000,0.000000,4,7,44,47,590,780,1000,4100,16000,25000,29000,90412,2649,4,200.74898694527383,1.7646769993007183,28505.91304106638,37747.67578418794
1762463765,465,,Aggregated,437.800000,0.000000,4,7,44,47,590,780,1000,4000,16000,25000,29000,90817,2649,4,200.39317878884677,1.7646769993007183,28505.91304106638,37760.77054956671
1762463766,466,,Aggregated,437.500000,0.000000,4,7,44,47,590,780,1000,3900,16000,25000,29000,91276,2650,4,199.98741444037447,1.7646769993007183,28505.91304106638,37788.873690784
1762463767,467,,Aggregated,437.400000,0.000000,4,7,44,47,590,780,1000,3700,16000,25000,29000,91731,2650,4,199.49776503560153,1.7646769993007183,28505.91304106638,37764.60359093436
1762463768,468,,Aggregated,436.600000,0.100000,4,7,44,47,590,780,1000,3700,16000,25000,29000,92172,2650,4,198.96140777512227,1.7646769993007183,28505.91304106638,37739.78915505794
1762463769,469,,Aggregated,439.900000,0.100000,4,7,44,47,590,780,1000,3700,16000,25000,29000,92654,2650,4,198.53342808537786,1.7646769993007183,28505.91304106638,37700.564724674594
1762463770,470,,Aggregated,436.800000,0.100000,4,7,44,47,590,780,1000,3700,16000,25000,29000,93079,2650,4,198.15394619346304,1.7646769993007183,28505.91304106638,37706.874472222524
1762463771,471,,Aggregated,441.700000,0.100000,4,7,44,47,590,780,1000,3600,16000,25000,29000,93565,2651,4,197.7434423735743,1.7646769993007183,28505.91304106638,37715.25010420563
1762463772,472,,Aggregated,441.500000,0.100000,4,7,44,47,590,780,1000,3500,16000,25000,29000,93995,2651,4,197.35889700447325,1.7646769993007183,28505.91304106638,37695.75916804085
1762463773,473,,Aggregated,440.800000,0.200000,4,7,44,47,590,780,1000,3400,16000,25000,29000,94455,2651,4,196.97770808363205,1.7646769993007183,28505.91304106638,37690.69682917791
1762463774,474,,Aggregated,445.800000,0.200000,4,7,44,47,590,780,1000,3200,16000,25000,29000,94935,2651,4,196.5258214295719,1.7646769993007183,28505.91304106638,37681.85206720388
1762463775,475,,Aggregated,440.900000,0.200000,4,7,44,47,590,780,1000,3100,16000,25000,29000,95394,2651,4,195.98774673105524,1.7646769993007183,28505.91304106638,37680.22381910812
1762463776,476,,Aggregated,447.300000,0.200000,4,7,44,47,590,780,1000,3000,16000,25000,29000,95820,2651,4,195.47640035413875,1.7646769993007183,28505.91304106638,37669.81696931747
1762463777,477,,Aggregated,455.100000,0.200000,4,7,44,47,590,780,1000,2800,16000,25000,29000,96330,2651,4,194.85672193956407,1.7646769993007183,28505.91304106638,37629.436229627325
1762463778,478,,Aggregated,451.700000,0.100000,4,7,44,47,590,780,1000,2700,16000,25000,29000,96776,2651,4,194.5382092145762,1.7646769993007183,28505.91304106638,37640.034430023974
1762463779,479,,Aggregated,453.600000,0.100000,4,7,44,47,590,780,1000,2600,16000,25000,29000,97179,2651,4,194.21011059604152,1.7646769993007183,28505.91304106638,37642.87150516058
1762463780,480,,Aggregated,454.900000,0.100000,4,7,44,47,590,780,1000,2400,16000,25000,29000,97668,2651,4,193.66595462608936,1.7646769993007183,28505.91304106638,37594.06979768194
1762463781,481,,Aggregated,449.700000,0.100000,4,7,44,47,590,780,1000,2400,16000,25000,29000,98101,2651,4,193.35623972126646,1.7646769993007183,28505.91304106638,37587.80734141344
1762463782,482,,Aggregated,455.000000,0.100000,4,7,43,47,590,780,1000,2300,16000,25000,29000,98577,2651,4,192.78162337283393,1.7646769993007183,28505.91304106638,37594.44890796027
1762463783,483,,Aggregated,450.700000,0.000000,4,7,43,47,590,780,1000,2300,16000,25000,29000,99058,2651,4,192.3276917946716,1.7646769993007183,28505.91304106638,37563.4040360193
1762463784,484,,Aggregated,454.700000,0.000000,4,7,43,47,590,780,1000,2300,16000,25000,29000,99526,2651,4,191.9808232468375,1.7646769993007183,28505.91304106638,37583.339549464465
1762463785,485,,Aggregated,459.300000,0.000000,4,7,43,47,590,780,1000,2200,16000,25000,29000,100020,2651,4,191.6401135168423,1.7646769993007183,28505.91304106638,37562.09163167366
1762463786,486,,Aggregated,453.000000,0.000000,4,7,43,47,590,780,1000,2200,16000,25000,29000,100505,2651,4,191.30050044287074,1.7646769993007183,28505.91304106638,37537.99346301179
1762463787,487,,Aggregated,457.600000,0.000000,4,7,43,47,590,780,1000,2100,16000,25000,29000,100969,2651,4,191.09359578378093,1.7646769993007183,28505.91304106638,37544.326981548795
1762463788,488,,Aggregated,461.700000,0.000000,4,7,43,47,590,780,1000,2100,16000,25000,29000,101444,2651,4,190.64305414099007,1.7646769993007183,28505.91304106638,37518.794645321555
1762463789,489,,Aggregated,458.800000,0.000000,4,7,43,47,590,780,1000,2100,16000,25000,29000,101884,2651,4,190.2067230392978,1.7646769993007183,28505.91304106638,37489.47971222174
1762463790,490,,Aggregated,464.000000,0.000000,4,7,43,47,590,780,1000,2000,16000,25000,29000,102380,2651,4,189.91439911704347,1.7646769993007183,28505.91304106638,37471.77529790975
1762463791,491,,Aggregated,468.600000,0.000000,4,7,43,47,590,780,1000,2000,16000,25000,29000,102824,2651,4,189.81313482945532,1.7646769993007183,28505.91304106638,37470.245069244535
1762463792,492,,Aggregated,463.700000,0.000000,4,7,43,47,590,780,1000,2000,16000,25000,29000,103320,2651,4,189.5142068267383,1.7646769993007183,28505.91304106638,37460.77972319009
1762463793,493,,Aggregated,472.300000,0.000000,4,7,43,47,590,770,1000,2000,16000,25000,29000,103752,2651,4,189.1098239936581,1.7646769993007183,28505.91304106638,37429.197181741074
1762463794,494,,Aggregated,468.700000,0.000000,4,7,43,47,590,780,1000,2000,16000,25000,29000,104251,2651,4,188.93411852172264,1.7646769993007183,28505.91304106638,37406.16130300908
1762463795,495,,Aggregated,465.500000,0.000000,4,7,43,47,590,780,1000,1900,16000,25000,29000,104696,2651,4,188.51642992170136,1.7646769993007183,28505.91304106638,37383.79020210896
1762463796,496,,Aggregated,469.800000,0.000000,4,7,43,47,590,780,1000,1900,16000,25000,29000,105128,2651,4,188.6347690774172,1.7646769993007183,28505.91304106638,37406.20913553002
1762463797,497,,Aggregated,464.700000,0.000000,4,7,43,47,590,780,1000,1900,16000,25000,29000,105648,2651,4,188.3920486014085,1.7646769993007183,28505.91304106638,37399.18039148872
1762463798,498,,Aggregated,459.400000,0.000000,4,7,43,47,590,780,1000,1900,16000,25000,29000,106116,2651,4,187.88936947398344,1.7646769993007183,28505.91304106638,37374.54074786083
1762463799,499,,Aggregated,462.600000,0.000000,4,7,43,47,590,780,1000,1900,16000,25000,29000,106578,2651,4,187.54297864231856,1.7646769993007183,28505.91304106638,37393.27590121789
1762463800,500,,Aggregated,465.600000,0.000000,4,7,43,47,580,780,1000,1900,16000,25000,29000,107063,2651,4,187.13618348551603,1.7646769993007183,28505.91304106638,37367.97445429327
1762463801,500,,Aggregated,458.100000,0.000000,4,7,43,47,580,770,1000,1900,16000,25000,29000,107502,2659,4,186.7623884189542,1.7646769993007183,28505.91304106638,37347.32947294004
1762463802,500,,Aggregated,468.100000,0.000000,4,7,43,47,580,770,1000,1800,16000,25000,29000,108030,2743,4,186.2828036193689,1.7451710300520062,28505.91304106638,37308.43199111358
1762463803,500,,Aggregated,460.600000,0.000000,4,7,43,47,580,770,1000,1800,16000,25000,29000,108458,2823,4,185.82343073492947,1.7451710300520062,28505.91304106638,37270.71616662671
1762463804,500,,Aggregated,462.700000,5.200000,4,7,42,47,580,770,1000,1800,16000,25000,29000,109006,2923,4,185.4140750675246,1.7451710300520062,28505.91304106638,37217.27477386566
1762463805,500,,Aggregated,466.600000,14.100000,4,7,42,47,580,770,1000,1800,16000,25000,29000,109401,2997,4,185.10042134991164,1.7451710300520062,28505.91304106638,37207.318598550286
1762463806,500,,Aggregated,465.600000,22.300000,4,7,41,47,580,770,1000,1800,16000,25000,29000,109935,3090,4,184.71999396000513,1.7451710300520062,28505.91304106638,37159.54272069859
1762463807,500,,Aggregated,466.900000,30.700000,4,6,40,47,580,770,1000,1800,16000,24000,29000,110334,3162,4,184.47658440017025,1.7451710300520062,28505.91304106638,37147.91356245582
1762463808,500,,Aggregated,471.600000,39.400000,4,6,40,47,580,770,1000,1800,16000,24000,29000,110826,3253,4,184.11242715591496,1.7451710300520062,28505.91304106638,37125.22535325646
1762463809,500,,Aggregated,471.900000,48.400000,4,6,39,47,580,770,1000,1800,16000,24000,29000,111323,3344,4,183.6383387536543,1.7451710300520062,28505.91304106638,37080.95292976294
1762463810,500,,Aggregated,464.300000,56.300000,4,6,38,47,580,770,1000,1700,16000,24000,29000,111811,3434,4,183.18836954253356,1.7451710300520062,28505.91304106638,37064.56452406293
1762463811,500,,Aggregated,476.600000,65.200000,4,6,38,47,580,770,1000,1700,16000,24000,29000,112269,3498,4,182.91242586646257,1.7451710300520062,28505.91304106638,37027.36320800934
1762463812,500,,Aggregated,466.500000,73.600000,4,6,37,47,580,770,1000,1700,16000,24000,29000,112574,3498,4,182.65644039389932,1.7451710300520062,28505.91304106638,37047.58461989447
1762463813,500,,Aggregated,475.300000,82.900000,4,6,38,47,580,770,1000,1700,16000,24000,29000,112882,3498,4,182.67060697932166,1.7451710300520062,28505.91304106638,37036.07897627611
1762463814,500,,Aggregated,461.900000,79.500000,4,6,37,47,580,770,1000,1700,16000,24000,29000,113119,3498,4,182.56362924123843,1.7451710300520062,28505.91304106638,37071.37268717015
1762463815,500,,Aggregated,445.000000,70.600000,4,6,37,47,580,770,1000,1700,16000,24000,29000,113276,3498,4,182.53132125556306,1.7451710300520062,28505.91304106638,37105.126999540946
1762463816,500,,Aggregated,426.200000,62.400000,4,6,37,47,580,770,1000,1700,16000,24000,29000,113457,3498,4,182.4777192541035,1.7451710300520062,28505.91304106638,37134.590488026304
1762463817,500,,Aggregated,398.500000,54.000000,4,6,37,47,580,770,1000,1700,16000,24000,29000,113595,3498,4,182.98264594399092,1.7451710300520062,28505.91304106638,37186.59701571372
1762463818,500,,Aggregated,367.300000,45.300000,4,6,38,47,580,770,1000,1700,16000,24000,29000,113713,3498,4,183.02233293618266,1.7451710300520062,28505.91304106638,37209.609622470605
1762463819,500,,Aggregated,336.200000,36.300000,4,6,38,47,580,770,1000,1700,16000,24000,29000,113849,3498,4,183.80921957712837,1.7451710300520062,28505.91304106638,37223.58082196594
1762463820,500,,Aggregated,304.200000,28.400000,4,6,38,47,580,770,1000,1800,16000,24000,29000,114058,3498,4,185.14272322837596,1.7451710300520062,28505.91304106638,37229.97216328535
1762463821,500,,Aggregated,264.400000,19.500000,4,6,38,47,590,780,1000,1900,16000,24000,29000,114274,3498,4,186.8803967090555,1.7451710300520062,28505.91304106638,37209.96357876682
1762463822,500,,Aggregated,237.400000,11.100000,4,6,39,47,590,780,1000,2200,16000,24000,29000,114615,3498,4,189.35007597499293,1.7451710300520062,28505.91304106638,37160.61835710858
1762463823,500,,Aggregated,207.300000,1.800000,4,7,39,47,590,780,1000,2800,16000,24000,29000,115001,3498,4,192.39880465693338,1.7451710300520062,28505.91304106638,37106.247502195634
1762463824,500,,Aggregated,200.000000,0.000000,4,7,39,47,590,780,1100,3400,16000,24000,29000,115392,3498,4,194.39752433516566,1.7451710300520062,28505.91304106638,37090.41196963394
1762463825,500,,Aggregated,198.500000,0.000000,4,7,38,47,590,780,1100,3500,16000,24000,29000,115812,3498,4,194.86357381746836,1.7451710300520062,28505.91304106638,37055.70496148931
1762463826,500,,Aggregated,212.600000,0.000000,4,7,38,47,590,780,1100,3600,16000,24000,29000,116275,3498,4,195.44386704151694,1.7451710300520062,28505.91304106638,37055.19391958719
1762463827,500,,Aggregated,235.300000,0.000000,4,7,37,47,590,780,1100,3600,16000,24000,29000,116721,3498,4,194.90872355022316,1.7451710300520062,28505.91304106638,37030.63203707987
1762463828,500,,Aggregated,263.500000,0.000000,4,6,36,47,580,780,1100,3400,16000,24000,29000,117129,3498,4,194.36630808782303,1.7451710300520062,28505.91304106638,36984.22931127219
1762463829,500,,Aggregated,292.800000,0.000000,4,6,35,47,580,780,1100,3500,16000,24000,29000,117585,3498,4,194.1294097810242,1.7451710300520062,28505.91304106638,36975.48811498065
1762463830,500,,Aggregated,321.900000,0.000000,4,6,35,47,580,780,1100,4100,16000,24000,29000,118056,3498,4,198.47985185922843,1.7451710300520062,28505.91304106638,36946.27088839195
1762463831,500,,Aggregated,348.700000,0.000000,4,6,34,47,580,780,1100,4500,16000,24000,29000,118503,3498,4,202.3224694787701,1.7451710300520062,28505.91304106638,36929.14322000287
1762463832,500,,Aggregated,378.500000,0.000000,4,6,34,47,580,780,1100,4500,17000,24000,29000,118966,3498,4,203.1475844710707,1.7451710300520062,28505.91304106638,36922.28980549065
1762463833,500,,Aggregated,403.700000,0.000000,4,6,33,47,580,780,1100,4600,17000,24000,29000,119455,3498,4,203.89549117232679,1.7451710300520062,28505.91304106638,36914.983525176845
1762463834,500,,Aggregated,422.000000,0.000000,4,6,33,47,580,780,1100,4600,17000,24000,29000,119899,3498,4,203.78194429555302,1.7451710300520062,28505.91304106638,36917.51447468286
1762463835,500,,Aggregated,437.300000,0.000000,4,6,32,47,580,780,1100,4500,17000,24000,29000,120367,3498,4,203.34047607830865,1.7451710300520062,28505.91304106638,36912.60777455615
1762463836,500,,Aggregated,446.300000,0.000000,4,6,32,47,580,780,1100,4500,17000,24000,29000,120865,3498,4,203.05744899188753,1.7451710300520062,28505.91304106638,36879.54649402226
1762463837,500,,Aggregated,448.500000,0.000000,4,6,32,47,580,780,1100,4500,17000,24000,29000,121331,3498,4,203.0118180692682,1.7451710300520062,28505.91304106638,36865.97072471174
1762463838,500,,Aggregated,450.200000,0.000000,4,6,31,47,580,780,1100,4400,17000,24000,29000,121788,3498,4,202.6759037741729,1.7451710300520062,28505.91304106638,36895.821148224786
1762463839,500,,Aggregated,451.400000,0.000000,4,6,31,47,580,780,1100,4400,17000,24000,29000,122294,3498,4,202.37705845440013,1.7451710300520062,28505.91304106638,36893.638436881614
1762463840,500,,Aggregated,457.400000,0.000000,4,6,31,47,580,780,1100,4400,17000,24000,29000,122759,3498,4,201.98459745460997,1.7451710300520062,28505.91304106638,36889.99804494986
1762463841,500,,Aggregated,467.800000,0.000000,4,6,30,47,580,780,1100,4300,17000,24000,29000,123222,3498,4,201.63569356839125,1.7451710300520062,28505.91304106638,36880.545917125186
1762463842,500,,Aggregated,470.100000,0.000000,4,6,30,47,580,770,1100,4300,17000,24000,29000,123679,3498,4,201.43875528525527,1.7451710300520062,28505.91304106638,36876.35694822888
1762463843,500,,Aggregated,469.300000,0.000000,4,6,30,47,580,770,1100,4200,17000,24000,29000,124152,3498,4,200.97537679206727,1.7451710300520062,28505.91304106638,36856.57023648431
1762463844,500,,Aggregated,469.000000,0.000000,4,6,29,47,580,770,1100,4200,17000,24000,29000,124668,3498,4,200.65815825155337,1.7451710300520062,28505.91304106638,36848.02687137036
1762463845,500,,Aggregated,470.500000,0.000000,4,6,29,47,580,770,1100,4200,17000,25000,29000,125090,3498,4,200.87519275595173,1.7451710300520062,28505.91304106638,36847.42634103446
1762463846,500,,Aggregated,465.000000,0.000000,4,6,29,47,580,770,1100,4200,17000,25000,29000,125580,3498,4,200.85277768865234,1.7451710300520062,28505.91304106638,36862.90007166746
1762463847,500,,Aggregated,474.200000,0.000000,4,6,28,47,580,770,1100,4100,17000,26000,29000,126073,3498,4,201.15123350987935,1.7451710300520062,28505.91304106638,36843.03482902762
1762463848,500,,Aggregated,470.100000,0.000000,4,6,28,47,580,770,1100,4100,17000,26000,29000,126524,3498,4,200.9926334632652,1.7451710300520062,28505.91304106638,36849.66620562107
1762463849,500,,Aggregated,470.300000,0.000000,4,6,27,47,580,770,1100,4100,17000,26000,29000,127012,3498,4,200.74474587456157,1.7451710300520062,28505.91304106638,36850.09174723648
1762463850,500,,Aggregated,470.000000,0.000000,4,6,27,47,580,770,1100,4000,17000,26000,29000,127529,3498,4,200.37604664975427,1.7451710300520062,28505.91304106638,36825.34619576724
1762463851,500,,Aggregated,467.600000,0.000000,4,6,27,47,580,770,1100,4000,17000,26000,29000,127947,3498,4,200.28430148166967,1.7451710300520062,28505.91304106638,36848.72970057915
1762463852,500,,Aggregated,466.200000,0.000000,4,6,26,47,580,770,1100,4000,17000,26000,29000,128397,3498,4,200.09888646505217,1.7451710300520062,28505.91304106638,36838.992032524126
1762463853,500,,Aggregated,470.900000,0.000000,4,6,26,47,580,770,1100,4000,17000,26000,29000,128888,3498,4,199.9040245660541,1.7451710300520062,28505.91304106638,36822.983117124946
1762463854,500,,Aggregated,466.000000,0.000000,4,6,26,47,580,770,1100,4000,17000,26000,29000,129389,3498,4,199.60728351808459,1.7451710300520062,28505.91304106638,36803.14764779077
1762463855,500,,Aggregated,465.700000,0.000000,4,6,26,47,580,770,1100,3900,17000,26000,29000,129882,3498,4,199.2544183589329,1.7451710300520062,28505.91304106638,36806.05476509447
1762463856,500,,Aggregated,468.800000,0.000000,4,6,26,47,580,770,1100,3800,17000,25000,29000,130333,3498,4,199.06933167385722,1.7451710300520062,28505.91304106638,36815.5805360116
1762463857,500,,Aggregated,464.700000,0.000000,4,6,25,47,580,770,1100,3700,17000,25000,29000,130774,3498,4,198.74297941218794,1.7451710300520062,28505.91304106638,36795.44310795724
1762463858,500,,Aggregated,471.700000,0.000000,4,6,25,47,580,770,1000,3700,17000,25000,29000,131257,3498,4,198.349313393626,1.7451710300520062,28505.91304106638,36805.280122203
1762463859,500,,Aggregated,469.900000,0.000000,4,6,25,47,580,770,1000,3700,17000,25000,29000,131722,3498,4,198.15938851096192,1.7451710300520062,28505.91304106638,36803.873384855986
1762463860,500,,Aggregated,465.400000,0.000000,4,6,24,47,580,770,1000,3600,17000,25000,29000,132233,3498,4,197.7332148219397,1.7451710300520062,28505.91304106638,36787.362957809324
1762463861,500,,Aggregated,469.200000,0.000000,4,6,24,47,580,770,1000,3500,17000,25000,29000,132715,3498,4,197.41561568313762,1.7451710300520062,28505.91304106638,36750.93411445579
1762463862,500,,Aggregated,465.300000,0.000000,4,6,24,47,580,770,1000,3400,17000,25000,29000,133219,3498,4,197.01338499954363,1.7451710300520062,28505.91304106638,36765.5901110202
1762463864,500,,Aggregated,473.100000,0.000000,4,6,24,47,580,770,1000,3400,17000,25000,29000,133660,3498,4,196.7069021797797,1.7451710300520062,28505.91304106638,36760.02217566961
1762463865,500,,Aggregated,476.800000,0.000000,4,6,24,47,580,770,1000,3300,17000,25000,29000,134191,3498,4,196.33309115948623,1.7451710300520062,28505.91304106638,36753.44376299454
1762463866,500,,Aggregated,473.000000,0.000000,4,6,23,47,580,770,1000,3200,17000,25000,29000,134670,3498,4,195.95878993763782,1.7451710300520062,28505.91304106638,36753.51562337566
1762463867,500,,Aggregated,477.200000,0.000000,4,6,23,47,580,770,1000,3100,17000,25000,29000,135117,3499,4,195.6084988228491,1.7451710300520062,28505.91304106638,36728.39816603388
1762463868,500,,Aggregated,474.400000,0.000000,4,6,23,47,580,770,1000,3000,17000,25000,29000,135603,3499,4,195.30145474897895,1.7451710300520062,28505.91304106638,36719.50939875961
1762463869,500,,Aggregated,473.900000,0.100000,4,6,23,47,580,770,1000,2900,17000,25000,29000,136074,3499,4,194.9721577659336,1.7451710300520062,28505.91304106638,36705.3767435366
1762463870,500,,Aggregated,479.100000,0.100000,4,6,23,47,580,770,1000,2800,17000,25000,29000,136559,3499,4,194.62653837557227,1.7451710300520062,28505.91304106638,36727.607290621636
1762463871,500,,Aggregated,474.800000,0.100000,4,6,23,47,580,770,1000,2700,17000,25000,29000,137033,3499,4,194.2792914710707,1.7451710300520062,28505.91304106638,36743.70778571585
1762463872,500,,Aggregated,479.600000,0.100000,4,6,23,47,580,770,1000,2600,17000,25000,29000,137479,3499,4,193.98299556776072,1.7451710300520062,28505.91304106638,36727.32708995556
1762463873,500,,Aggregated,476.300000,0.100000,4,6,22,47,580,770,1000,2500,17000,25000,29000,137951,3499,4,193.62349767360232,1.7451710300520062,28505.91304106638,36724.96969213706
1762463874,500,,Aggregated,472.700000,0.100000,4,6,22,47,580,770,1000,2400,17000,25000,29000,138418,3500,4,193.34710868542817,1.7451710300520062,28505.91304106638,36757.58877458134
1762463875,500,,Aggregated,467.900000,0.100000,4,6,22,47,580,770,1000,2400,17000,25000,29000,138834,3501,4,193.06785491583366,1.7451710300520062,28505.91304106638,36772.40628376335
1762463876,500,,Aggregated,471.200000,0.200000,4,6,22,47,580,770,1000,2300,17000,25000,29000,139384,3501,4,192.65082073929804,1.7451710300520062,28505.91304106638,36758.56073150433
1762463877,500,,Aggregated,460.000000,0.300000,4,6,22,47,580,770,1000,2300,17000,25000,29000,139823,3501,4,192.33163106692683,1.7451710300520062,28505.91304106638,36767.367857934674
1762463878,500,,Aggregated,467.900000,0.300000,4,6,21,47,580,770,1000,2300,17000,25000,29000,140289,3501,4,191.99260114634774,1.7451710300520062,28505.91304106638,36736.158815017574
1762463879,500,,Aggregated,465.600000,0.200000,4,6,21,47,580,770,1000,2200,17000,25000,29000,140823,3501,4,191.56342398037756,1.7451710300520062,28505.91304106638,36745.55057057441
1762463880,500,,Aggregated,461.800000,0.200000,4,6,21,47,580,770,1000,2200,17000,25000,29000,141295,3501,4,191.30321854018192,1.7451710300520062,28505.91304106638,36758.812987012985
1762463881,500,,Aggregated,471.000000,0.200000,4,6,21,47,580,770,1000,2100,17000,25000,29000,141782,3501,4,190.90381912968888,1.7451710300520062,28505.91304106638,36743.96469227406
1762463882,500,,Aggregated,469.400000,0.200000,4,6,21,47,580,770,1000,2100,16000,25000,29000,142142,3501,4,190.78348318292268,1.7451710300520062,28505.91304106638,36768.665222101845
1762463883,500,,Aggregated,469.400000,0.200000,4,6,23,47,580,770,1000,2100,16000,25000,29000,142657,3502,4,190.81089693880972,1.7451710300520062,28505.91304106638,36771.69719677268
1762463884,500,,Aggregated,464.600000,0.200000,4,6,23,47,580,770,1000,2000,16000,25000,29000,143144,3502,4,190.59063987201375,1.7451710300520062,28505.91304106638,36766.5639565752
1762463885,500,,Aggregated,461.300000,0.200000,4,6,23,47,580,770,1000,2000,16000,25000,29000,143610,3503,4,190.25057236039942,1.7451710300520062,28505.91304106638,36768.38011280551
1762463886,500,,Aggregated,467.500000,0.200000,4,6,23,47,580,770,1000,2000,16000,25000,29000,144129,3503,4,189.88790295780797,1.7451710300520062,28505.91304106638,36774.228024894364
1762463887,500,,Aggregated,472.400000,0.200000,4,6,23,47,580,770,1000,2000,16000,25000,29000,144622,3503,4,189.55643627462038,1.7451710300520062,28505.91304106638,36748.64509549031
1762463888,500,,Aggregated,467.200000,0.200000,4,6,23,47,580,770,1000,1900,16000,25000,29000,145136,3503,4,189.20246350834364,1.7451710300520062,28505.91304106638,36753.688774666516
1762463889,500,,Aggregated,474.900000,0.200000,4,6,22,47,580,770,1000,1900,16000,25000,29000,145569,3503,4,188.91208181487238,1.7451710300520062,28505.91304106638,36766.59939959744
1762463890,500,,Aggregated,477.600000,0.200000,4,6,22,47,580,770,1000,1900,16000,25000,29000,146108,3503,4,188.58903332697477,1.7451710300520062,28505.91304106638,36752.752039587154
1762463891,500,,Aggregated,473.100000,0.200000,4,6,22,47,580,770,1000,1900,16000,25000,29000,146603,3503,4,188.24495689335654,1.7451710300520062,28505.91304106638,36744.70541530528
1762463892,500,,Aggregated,476.100000,0.200000,4,6,22,47,580,770,1000,1900,16000,25000,29000,147078,3503,4,187.96717929211886,1.7451710300520062,28505.91304106638,36747.87252342294
1762463893,500,,Aggregated,477.100000,0.200000,4,6,22,47,580,770,1000,1900,16000,25000,29000,147541,3503,4,187.6371967623898,1.7451710300520062,28505.91304106638,36747.17195898089
1762463894,500,,Aggregated,484.200000,0.200000,4,6,21,47,580,760,1000,1800,16000,25000,29000,148071,3503,4,187.231535877544,1.7451710300520062,28505.91304106638,36730.81481181325
1762463895,500,,Aggregated,489.100000,0.200000,4,6,21,47,580,760,1000,1800,16000,25000,29000,148519,3503,4,186.99905312552391,1.7451710300520062,28505.91304106638,36737.47796578216
1762463896,500,,Aggregated,486.100000,0.100000,4,6,21,47,580,760,1000,1800,16000,25000,29000,149044,3503,4,186.6662799926518,1.7451710300520062,28505.91304106638,36752.62731139798
1762463897,500,,Aggregated,482.200000,0.000000,4,6,21,47,580,760,1000,1800,16000,25000,29000,149525,3503,4,186.29518296098564,1.7451710300520062,28505.91304106638,36735.50976090955
1762463898,500,,Aggregated,487.600000,0.000000,4,6,21,47,580,760,1000,1800,16000,25000,29000,149955,3503,4,186.0365063678138,1.7451710300520062,28505.91304106638,36744.492200993634
1762463899,500,,Aggregated,482.800000,0.000000,4,6,21,47,580,760,1000,1800,16000,25000,29000,150437,3503,4,185.78664095688913,1.7451710300520062,28505.91304106638,36757.96294794499
1762463900,500,,Aggregated,484.100000,0.000000,4,6,21,47,580,760,1000,1700,16000,25000,29000,150928,3503,4,185.49844024854804,1.7451710300520062,28505.91304106638,36733.36455793491
1762463901,500,,Aggregated,481.900000,0.000000,4,6,21,47,580,760,1000,1700,16000,25000,29000,151408,3503,4,185.208236197177,1.7451710300520062,28505.91304106638,36744.6987279404
1762463902,500,,Aggregated,479.300000,0.000000,4,6,20,47,580,760,1000,1700,16000,25000,29000,151859,3503,4,184.88647117199343,1.7451710300520062,28505.91304106638,36732.18946522761
1762463903,500,,Aggregated,478.300000,0.000000,4,6,20,47,580,760,1000,1700,16000,25000,29000,152360,3503,4,184.67262121294843,1.7451710300520062,28505.91304106638,36725.122512470465
1762463904,500,,Aggregated,472.200000,0.000000,4,6,20,47,580,760,1000,1700,16000,25000,29000,152837,3503,4,184.40676187924697,1.7451710300520062,28505.91304106638,36735.04091286796
1762463905,500,,Aggregated,477.900000,0.000000,4,6,20,47,580,760,1000,1700,16000,25000,29000,153331,3503,4,184.12094939170757,1.7451710300520062,28505.91304106638,36749.35732500277
1762463906,500,,Aggregated,475.700000,0.000000,4,6,20,47,580,760,1000,1700,16000,25000,29000,153745,3503,4,184.0290901226333,1.7451710300520062,28505.91304106638,36759.161260528796
1762463907,500,,Aggregated,479.400000,0.000000,4,6,20,47,580,760,1000,1700,16000,25000,29000,154286,3503,4,183.81471326487826,1.7451710300520062,28505.91304106638,36749.59885537249
1762463908,500,,Aggregated,467.100000,0.000000,4,6,20,47,580,760,1000,1700,16000,25000,29000,154755,3503,4,183.67215741947277,1.7451710300520062,28505.91304106638,36774.98469839423
1762463909,500,,Aggregated,474.600000,0.000000,4,6,20,47,580,760,1000,1700,16000,25000,29000,155231,3503,4,183.35872178591882,1.7451710300520062,28505.91304106638,36754.41511682589
1762463910,500,,Aggregated,471.900000,0.000000,4,6,19,47,580,760,1000,1600,16000,25000,29000,155696,3503,4,183.04452625281982,1.7451710300520062,28505.91304106638,36735.60250102764
1762463911,500,,Aggregated,471.200000,0.000000,4,6,19,47,570,760,1000,1600,16000,25000,29000,156206,3503,4,182.73266577771295,1.7451710300520062,28505.91304106638,36725.150128676236
1762463912,500,,Aggregated,470.800000,0.000000,4,6,19,47,580,760,1000,1600,16000,25000,29000,156635,3503,4,182.53121656623537,1.7451710300520062,28505.91304106638,36728.060669709834
1762463913,500,,Aggregated,470.600000,0.000000,4,6,19,47,580,760,1000,1600,16000,25000,29000,157150,3503,4,182.25566484519894,1.7451710300520062,28505.91304106638,36731.892115812916
1762463914,500,,Aggregated,480.100000,0.000000,4,6,19,47,570,760,1000,1600,16000,25000,29000,157617,3503,4,181.99685825878797,1.7451710300520062,28505.91304106638,36716.76031773222
1762463915,500,,Aggregated,472.200000,0.000000,4,6,19,47,580,760,1000,1600,16000,25000,29000,158074,3503,4,181.78742672482608,1.7451710300520062,28505.91304106638,36711.774510672214
1762463916,500,,Aggregated,476.100000,0.000000,4,6,19,47,580,760,1000,1600,16000,25000,29000,158563,3503,4,181.57257909665097,1.7451710300520062,28505.91304106638,36715.74480805737
1762463917,500,,Aggregated,472.300000,0.000000,4,6,19,47,570,760,1000,1600,16000,25000,29000,159090,3504,4,181.2446071017091,1.7451710300520062,28505.91304106638,36707.10062857502
1762463918,500,,Aggregated,474.400000,0.000000,4,6,19,47,570,760,1000,1600,16000,25000,29000,159543,3504,4,180.98469742454378,1.7451710300520062,28505.91304106638,36700.95717142087
1762463919,500,,Aggregated,472.900000,0.000000,4,6,19,47,570,760,1000,1500,16000,25000,29000,160057,3504,4,180.73878724908857,1.7451710300520062,28505.91304106638,36700.600592288996
1762463920,500,,Aggregated,479.000000,0.100000,4,6,19,47,570,760,1000,1500,16000,25000,29000,160547,3504,4,180.5186823279949,1.7451710300520062,28505.91304106638,36684.26928562975
1762463921,500,,Aggregated,471.300000,0.100000,4,6,18,47,570,760,1000,1500,16000,25000,29000,161016,3504,4,180.23418158366133,1.7451710300520062,28505.91304106638,36697.645426541465
1762463922,500,,Aggregated,477.400000,0.100000,4,6,18,47,570,760,1000,1500,16000,25000,29000,161478,3504,4,179.93184974126802,1.7451710300520062,28505.91304106638,36704.23954346722
1762463923,500,,Aggregated,480.100000,0.100000,4,6,18,47,570,760,1000,1500,16000,25000,29000,161979,3504,4,179.6737537263244,1.7451710300520062,28505.91304106638,36714.96598324474
1762463924,500,,Aggregated,478.100000,0.100000,4,6,18,47,570,760,1000,1500,16000,25000,29000,162507,3506,4,179.40988464587193,1.7451710300520062,28505.91304106638,36706.493929492266
1762463925,500,,Aggregated,479.500000,0.100000,4,6,18,47,570,760,1000,1500,16000,25000,29000,162934,3506,4,179.1346735738031,1.7451710300520062,28505.91304106638,36716.86217732333
1762463926,500,,Aggregated,475.800000,0.200000,4,6,18,47,570,760,1000,1500,16000,25000,29000,163422,3506,4,178.93506626047443,1.7451710300520062,28505.91304106638,36720.667731394795
1762463927,500,,Aggregated,481.400000,0.300000,4,6,18,47,570,760,1000,1500,16000,25000,29000,163945,3506,4,178.6771188290758,1.7451710300520062,28505.91304106638,36702.341035103236
1762463928,500,,Aggregated,481.300000,0.300000,4,6,18,47,570,760,1000,1500,16000,25000,29000,164418,3506,4,178.38430348908895,1.7451710300520062,28505.91304106638,36711.4577236069
1762463929,500,,Aggregated,478.500000,0.300000,4,6,18,47,570,760,1000,1500,16000,25000,29000,164930,3507,4,178.11128912713323,1.7451710300520062,28505.91304106638,36712.26218395683
1762463930,500,,Aggregated,476.000000,0.200000,4,6,18,47,570,760,1000,1500,16000,25000,29000,165398,3507,4,177.93648671299442,1.7451710300520062,28505.91304106638,36718.289259845944
1762463931,500,,Aggregated,484.800000,0.200000,4,6,18,46,570,760,1000,1500,16000,25000,29000,165872,3507,4,177.66822916147507,1.7451710300520062,28505.91304106638,36728.27459125109
1762463932,500,,Aggregated,481.500000,0.300000,4,6,18,46,570,760,1000,1400,16000,25000,29000,166321,3507,4,177.46910148529201,1.7451710300520062,28505.91304106638,36724.49833153962
1762463933,500,,Aggregated,476.100000,0.300000,4,6,18,46,570,760,1000,1400,16000,25000,29000,166805,3507,4,177.25131328589165,1.7451710300520062,28505.91304106638,36730.599280597104
1762463934,500,,Aggregated,472.400000,0.300000,4,6,18,46,570,760,1000,1400,16000,25000,29000,167268,3507,4,177.0316436200951,1.7451710300520062,28505.91304106638,36724.53243896023
1762463935,500,,Aggregated,478.200000,0.300000,4,6,17,46,570,760,1000,1400,16000,25000,29000,167756,3507,4,176.7579334100449,1.7451710300520062,28505.91304106638,36716.519880063905
1762463936,500,,Aggregated,474.700000,0.200000,4,6,17,46,570,760,1000,1400,16000,25000,29000,168221,3507,4,176.62772374952405,1.7451710300520062,28505.91304106638,36718.70572639564
1762463937,500,,Aggregated,474.100000,0.100000,4,6,17,46,570,760,1000,1400,16000,25000,29000,168744,3508,4,176.345510283388,1.7451710300520062,28505.91304106638,36705.40234912056
1762463938,500,,Aggregated,479.700000,0.100000,4,6,17,46,570,760,1000,1400,16000,25000,29000,169212,3508,4,176.13584933711556,1.7451710300520062,28505.91304106638,36675.663540410846
1762463939,500,,Aggregated,472.000000,0.100000,4,6,17,46,570,760,1000,1400,16000,25000,29000,169694,3508,4,175.9699810382478,1.7451710300520062,28505.91304106638,36683.344903178666
1762463940,500,,Aggregated,475.800000,0.200000,4,6,17,46,570,760,1000,1400,16000,25000,29000,170203,3508,4,175.67026432212842,1.7451710300520062,28505.91304106638,36651.23004882405
1762463941,500,,Aggregated,476.700000,0.200000,4,6,18,46,570,760,1000,1400,16000,25000,29000,170677,3508,4,175.55929772229197,1.7451710300520062,28505.91304106638,36645.35629288071
1762463942,500,,Aggregated,471.300000,0.100000,4,6,18,46,570,760,1000,1400,16000,25000,29000,171096,3508,4,175.38546241755688,1.7451710300520062,28505.91304106638,36641.428367700006
1762463943,500,,Aggregated,476.500000,0.100000,4,6,18,46,570,760,1000,1400,16000,25000,29000,171610,3508,4,175.16943302244184,1.7451710300520062,28505.91304106638,36651.434182157216
1762463944,500,,Aggregated,480.400000,0.100000,4,6,18,46,570,760,1000,1400,16000,25000,29000,172092,3508,4,174.93330802414386,1.7451710300520062,28505.91304106638,36634.95459405434
1762463945,500,,Aggregated,473.800000,0.100000,4,6,18,46,570,760,1000,1400,16000,25000,29000,172549,3508,4,174.80450524198062,1.7451710300520062,28505.91304106638,36639.48675448713
1762463946,500,,Aggregated,473.800000,0.100000,4,6,18,46,570,760,1000,1400,16000,25000,29000,173036,3509,4,174.51167423364075,1.7451710300520062,28505.91304106638,36625.10160313461
1762463947,500,,Aggregated,477.100000,0.100000,4,6,18,46,570,760,1000,1400,16000,25000,29000,173504,3509,4,174.27987918393396,1.7451710300520062,28505.91304106638,36618.65832488012
1762463948,500,,Aggregated,474.800000,0.100000,4,6,18,46,570,760,1000,1400,16000,25000,29000,174002,3509,4,174.0809525047896,1.7451710300520062,28505.91304106638,36594.123021574465
1762463949,500,,Aggregated,478.700000,0.200000,4,6,18,46,570,760,1000,1400,16000,25000,29000,174475,3509,4,173.8411647160257,1.7451710300520062,28505.91304106638,36581.43908869466
1762463950,500,,Aggregated,473.300000,0.100000,4,6,18,46,570,760,1000,1400,16000,25000,29000,174990,3511,4,173.66643046281712,1.7451710300520062,28505.91304106638,36574.54301960112
1762463951,500,,Aggregated,473.400000,0.100000,4,6,18,46,570,760,1000,1400,16000,25000,29000,175481,3557,4,173.48558937554628,1.7451710300520062,28505.91304106638,36556.546110405114
1762463952,500,,Aggregated,474.700000,0.100000,4,6,17,46,570,760,1000,1400,16000,25000,29000,175932,3639,4,173.22315196805835,1.7451710300520062,28505.91304106638,36520.18696996567
1762463953,500,,Aggregated,474.600000,0.600000,4,6,17,46,570,760,1000,1400,16000,25000,29000,176425,3733,4,172.97101374184254,1.7451710300520062,28505.91304106638,36504.863040952245
1762463954,500,,Aggregated,476.400000,5.600000,4,6,17,46,570,760,1000,1400,16000,25000,29000,176896,3827,4,172.79486507178697,1.7451710300520062,28505.91304106638,36477.981288440664
1762463955,500,,Aggregated,474.600000,14.000000,4,6,17,46,570,760,990,1400,16000,25000,29000,177402,3934,4,172.5615076451115,1.7451710300520062,28505.91304106638,36436.51026482227
1762463956,500,,Aggregated,479.900000,23.000000,4,6,17,46,570,760,990,1400,16000,25000,29000,177872,4036,4,172.28840416584475,1.7451710300520062,28505.91304106638,36416.33463389404
1762463957,500,,Aggregated,476.200000,33.100000,4,6,17,46,570,760,990,1400,16000,25000,29000,178360,4136,4,172.0243290731662,1.7451710300520062,28505.91304106638,36393.24748261942
1762463958,500,,Aggregated,478.100000,43.400000,4,6,16,46,570,750,990,1400,16000,25000,29000,178859,4244,4,171.73927407386867,1.7451710300520062,28505.91304106638,36358.090395227526
1762463959,500,,Aggregated,479.500000,53.300000,4,6,16,46,570,750,990,1400,16000,25000,29000,179381,4368,4,171.49691973929305,1.7451710300520062,28505.91304106638,36322.499818821394
1762463960,500,,Aggregated,479.500000,63.300000,4,6,16,46,570,750,990,1300,16000,25000,29000,179834,4486,4,171.313990511373,1.7451710300520062,28505.91304106638,36307.420999366084
1762463961,500,,Aggregated,480.000000,73.800000,4,6,16,46,570,750,990,1300,16000,24000,29000,180308,4613,4,170.99640638057056,1.7451710300520062,28505.91304106638,36262.61505313131
1762463963,500,,Aggregated,480.000000,97.200000,4,6,16,46,570,750,990,1300,16000,24000,29000,180825,4751,4,170.73554930942777,1.7451710300520062,28505.91304106638,36234.03347988387
1762463964,500,,Aggregated,477.800000,104.900000,4,6,16,46,570,750,990,1300,16000,24000,29000,181235,4831,4,170.56547823389917,1.7451710300520062,28505.91304106638,36202.806974370294
1762463965,500,,Aggregated,486.000000,110.300000,4,6,16,46,570,750,990,1300,16000,24000,29000,181540,4872,4,170.42654896667423,1.7451710300520062,28505.91304106638,36203.38831111601
1762463966,500,,Aggregated,475.400000,109.100000,4,6,16,46,570,750,990,1300,16000,24000,29000,181849,4914,4,170.3197875408404,1.7451710300520062,28505.91304106638,36212.45218835407
1762463967,500,,Aggregated,459.400000,103.200000,4,6,16,46,570,750,990,1300,16000,24000,29000,182056,4947,4,170.23311548319606,1.7451710300520062,28505.91304106638,36213.85825240585
1762463968,500,,Aggregated,440.500000,97.200000,4,6,16,46,570,750,990,1300,16000,24000,29000,182226,4970,4,170.17299179629904,1.7451710300520062,28505.91304106638,36224.91740476112
1762463969,500,,Aggregated,414.600000,90.200000,4,6,16,46,570,750,990,1300,16000,24000,29000,182423,4998,4,170.10435833898666,1.7451710300520062,28505.91304106638,36218.19633489198
1762463970,500,,Aggregated,384.300000,82.800000,4,6,16,46,570,750,990,1300,16000,24000,29000,182540,5016,4,170.15287695198205,1.7451710300520062,28505.91304106638,36225.10350060261
1762463971,500,,Aggregated,353.600000,75.100000,4,6,16,46,570,750,990,1400,16000,24000,29000,182748,5032,4,170.7978765249653,1.7451710300520062,28505.91304106638,36215.925071683414
1762463972,500,,Aggregated,314.300000,64.500000,4,6,16,46,570,750,990,1400,16000,24000,29000,182959,5043,4,171.75924367508463,1.7451710300520062,28505.91304106638,36206.78932984986
1762463973,500,,Aggregated,288.900000,54.500000,4,6,16,46,570,750,1000,1400,15000,24000,29000,183310,5065,4,173.5575879658188,1.7451710300520062,28505.91304106638,36167.05766188424
1762463974,500,,Aggregated,263.300000,42.900000,4,6,16,46,570,760,1000,1400,15000,24000,29000,183616,5083,4,174.3711277400978,1.7451710300520062,28505.91304106638,36136.26736232136
1762463975,500,,Aggregated,245.100000,31.100000,4,6,16,46,570,760,1000,1500,15000,24000,29000,183925,5099,4,175.94401749918862,1.7451710300520062,28505.91304106638,36154.12517058584
1762463976,500,,Aggregated,236.000000,25.100000,4,6,16,46,570,760,1000,1500,15000,24000,29000,184143,5099,4,176.1777734547857,1.7451710300520062,28505.91304106638,36171.318697968425
1762463977,500,,Aggregated,235.000000,22.600000,4,6,16,46,570,760,1000,1500,15000,24000,29000,184443,5099,4,176.27645042370108,1.7451710300520062,28505.91304106638,36179.052238360906
1762463978,500,,Aggregated,229.000000,18.500000,4,6,16,46,570,760,1000,1600,15000,24000,29000,184770,5099,4,178.12712127687215,1.7451710300520062,28505.91304106638,36168.44768631271
1762463979,500,,Aggregated,236.400000,15.500000,4,6,16,46,570,760,1000,1700,15000,24000,29000,185077,5100,4,179.94299421042018,1.7451710300520062,28505.91304106638,36181.24602192601
1762463980,500,,Aggregated,248.600000,12.900000,4,6,16,46,570,760,1000,1900,15000,24000,29000,185425,5100,4,181.198632144635,1.7451710300520062,28505.91304106638,36169.609567210464
1762463981,500,,Aggregated,261.300000,10.200000,4,6,16,46,570,760,1000,1900,15000,24000,29000,185819,5100,4,182.2982605222685,1.7451710300520062,28505.91304106638,36169.227011231356
1762463982,500,,Aggregated,283.100000,8.400000,4,6,16,46,570,760,1000,1900,16000,24000,29000,186168,5100,4,182.75388593956285,1.7451710300520062,28505.91304106638,36167.68687959263
1762463983,500,,Aggregated,300.100000,6.900000,4,6,16,46,570,760,1000,2000,16000,24000,29000,186578,5100,4,183.5266575550782,1.7451710300520062,28505.91304106638,36154.60539291878
1762463984,500,,Aggregated,314.300000,5.800000,4,6,16,46,570,760,1000,2100,16000,24000,29000,186999,5100,4,184.29653134282185,1.7451710300520062,28505.91304106638,36148.64431360595
1762463985,500,,Aggregated,324.200000,3.800000,4,6,15,46,570,760,1000,2200,16000,24000,29000,187481,5101,4,185.1210558375187,1.7451710300520062,28505.91304106638,36142.251369472106
1762463986,500,,Aggregated,335.300000,2.000000,4,6,15,46,570,760,1000,2200,16000,24000,29000,187860,5101,4,185.1343710865219,1.7451710300520062,28505.91304106638,36154.19025338018
1762463987,500,,Aggregated,348.500000,0.400000,4,6,15,46,570,760,1000,2300,16000,24000,29000,188327,5101,4,185.881499634059,1.7451710300520062,28505.91304106638,36144.06524821189
1762463988,500,,Aggregated,363.300000,0.200000,4,6,15,46,570,760,1000,2300,16000,24000,29000,188805,5104,4,186.07777366556576,1.7451710300520062,28505.91304106638,36143.97824739811
1762463989,500,,Aggregated,381.300000,0.200000,4,6,15,46,570,760,1000,2300,16000,24000,29000,189262,5104,4,185.93864886986987,1.7451710300520062,28505.91304106638,36145.540710760746
1762463990,500,,Aggregated,398.200000,0.500000,4,6,15,46,570,760,1000,2300,16000,24000,29000,189775,5104,4,185.69771160650538,1.7451710300520062,28505.91304106638,36136.612994335395
1762463991,500,,Aggregated,414.600000,0.400000,4,6,15,46,570,760,1000,2300,15000,24000,29000,190268,5104,4,185.5418184277766,1.7451710300520062,28505.91304106638,36144.072292765995
1762463992,500,,Aggregated,427.800000,0.400000,4,6,15,46,570,760,1000,2300,15000,24000,29000,190735,5104,4,185.2766320137197,1.7451710300520062,28505.91304106638,36132.44795134611
1762463993,500,,Aggregated,437.400000,0.400000,4,6,15,46,570,760,1000,2300,15000,24000,29000,191213,5104,4,185.01385972530971,1.7451710300520062,28505.91304106638,36128.706714501626
1762463994,500,,Aggregated,450.600000,0.400000,4,6,15,46,570,760,1000,2200,15000,24000,29000,191756,5104,4,184.89416992946855,1.7451710300520062,28505.91304106638,36121.84709735289
1762463995,500,,Aggregated,454.900000,0.400000,4,6,15,46,570,760,1000,2200,15000,24000,29000,192197,5104,4,184.6735688793111,1.7451710300520062,28505.91304106638,36145.301841339875
1762463996,500,,Aggregated,464.800000,0.400000,4,6,15,46,570,760,1000,2200,15000,24000,29000,192690,5104,4,184.50245689785012,1.7451710300520062,28505.91304106638,36128.63843998132
1762463997,500,,Aggregated,469.100000,0.300000,4,6,15,46,570,760,1000,2200,15000,24000,29000,193194,5104,4,184.22232950754963,1.7451710300520062,28505.91304106638,36119.412041781834
1762463998,500,,Aggregated,478.200000,0.300000,4,6,15,46,570,760,1000,2200,15000,24000,29000,193664,5104,4,184.0901601094229,1.7451710300520062,28505.91304106638,36126.10713400529
1762463999,500,,Aggregated,475.900000,0.300000,4,6,14,46,570,760,1000,2100,15000,24000,29000,194155,5104,4,183.91535760466232,1.7451710300520062,28505.91304106638,36135.69953902809
1762464000,500,,Aggregated,478.700000,0.000000,4,6,14,46,570,760,1000,2100,15000,24000,29000,194636,5105,4,183.71894840825902,1.7451710300520062,28505.91304106638,36135.891263692225
1762464001,500,,Aggregated,482.500000,0.000000,4,6,15,46,570,760,1000,2100,15000,24000,29000,195115,5105,4,183.5853877428789,1.7451710300520062,28505.91304106638,36135.9814878405
1762464002,500,,Aggregated,481.900000,0.000000,4,6,15,46,570,760,1000,2100,15000,24000,29000,195440,5105,4,183.52277731218632,1.7451710300520062,28505.91304106638,36143.97966127712
1762464003,500,,Aggregated,482.200000,0.100000,4,6,15,46,570,760,1000,2100,15000,24000,29000,195604,5105,4,183.83557707731083,1.7451710300520062,28505.91304106638,36159.41116234842
1762464004,500,,Aggregated,475.900000,0.100000,4,6,16,46,580,760,1000,2100,15000,24000,29000,196275,5106,4,184.4783891892007,1.7451710300520062,28505.91304106638,36134.902081263535
1762464005,500,,Aggregated,447.500000,0.100000,4,6,16,46,580,760,1000,2100,15000,24000,29000,196603,5106,4,184.62092446132868,1.7451710300520062,28505.91304106638,36151.60168461315
1762464006,500,,Aggregated,435.200000,0.200000,4,6,16,46,580,760,1000,2000,15000,24000,29000,197093,5106,4,184.42416219154254,1.7451710300520062,28505.91304106638,36153.12370809719
1762464007,500,,Aggregated,441.300000,0.200000,4,6,16,46,580,760,1000,2000,15000,24000,29000,197613,5106,4,184.17964008666277,1.7451710300520062,28505.91304106638,36148.67806773846
1762464008,500,,Aggregated,433.100000,0.200000,4,6,16,46,580,760,1000,2000,15000,24000,29000,198082,5106,4,183.96207466835182,1.7451710300520062,28505.91304106638,36155.91549459315
1762464009,500,,Aggregated,437.500000,0.200000,4,6,16,46,580,760,1000,2000,15000,24000,29000,198561,5106,4,183.70971638435282,1.7451710300520062,28505.91304106638,36160.34244388375
1762464010,500,,Aggregated,439.300000,0.200000,4,6,16,46,580,760,1000,2000,15000,24000,29000,199032,5106,4,183.48966064784517,1.7451710300520062,28505.91304106638,36159.45671047872
1762464011,500,,Aggregated,437.800000,0.200000,4,6,16,46,580,760,1000,1900,15000,24000,29000,199522,5106,4,183.26096863582544,1.7451710300520062,28505.91304106638,36157.402351620374
1762464012,500,,Aggregated,436.600000,0.200000,4,6,16,46,580,760,1000,1900,15000,24000,29000,199984,5106,4,183.024095171117,1.7451710300520062,28505.91304106638,36176.64985198816
1762464013,500,,Aggregated,433.400000,0.100000,4,6,16,46,570,760,1000,1900,15000,22000,29000,200460,5106,4,182.8038426238654,1.7451710300520062,28505.91304106638,36174.45042402474
1762464014,500,,Aggregated,437.600000,0.100000,4,6,15,46,570,760,1000,1900,15000,22000,29000,200989,5106,4,182.58735465354277,1.7451710300520062,28505.91304106638,36170.78965017986
1762464015,500,,Aggregated,467.600000,0.100000,4,6,15,46,570,760,1000,1900,15000,22000,29000,201476,5106,4,182.37524162593925,1.7451710300520062,28505.91304106638,36171.02204232762
1762464016,500,,Aggregated,477.600000,0.000000,4,6,15,46,570,760,1000,1900,15000,22000,29000,201956,5106,4,182.09092479552646,1.7451710300520062,28505.91304106638,36154.23731901999
1762464017,500,,Aggregated,475.600000,0.000000,4,6,15,46,570,760,1000,1900,15000,22000,29000,202437,5106,4,181.87253851208317,1.7451710300520062,28505.91304106638,36155.01852428163
1762464018,500,,Aggregated,481.600000,0.000000,4,6,15,46,570,760,1000,1800,15000,22000,29000,202921,5106,4,181.62881660196922,1.7451710300520062,28505.91304106638,36141.14035018554
1762464019,500,,Aggregated,479.900000,0.000000,4,6,15,46,570,760,1000,1800,15000,22000,29000,203382,5106,4,181.42140405305804,1.7451710300520062,28505.91304106638,36136.06547285404
1762464020,500,,Aggregated,482.600000,0.000000,4,6,15,46,570,760,1000,1800,15000,22000,29000,203893,5106,4,181.1661044990046,1.7451710300520062,28505.91304106638,36126.453237727634
1762464021,500,,Aggregated,473.800000,0.000000,4,6,15,46,570,760,1000,1800,15000,22000,29000,204298,5106,4,180.99672281395922,1.7451710300520062,28505.91304106638,36131.76459877238
1762464022,500,,Aggregated,477.400000,0.000000,4,6,15,46,570,760,1000,1800,15000,22000,29000,204835,5106,4,180.7261058896993,1.7451710300520062,28505.91304106638,36122.46724436742
1762464023,500,,Aggregated,480.800000,0.000000,4,6,15,46,570,760,1000,1800,15000,22000,29000,205264,5106,4,180.60909357112956,1.7451710300520062,28505.91304106638,36126.05420336737
1762464024,500,,Aggregated,474.500000,0.000000,4,6,15,46,570,760,1000,1800,15000,22000,29000,205764,5106,4,180.36184888781904,1.7451710300520062,28505.91304106638,36119.31490931358
1762464025,500,,Aggregated,478.500000,0.000000,4,6,15,46,570,760,1000,1800,15000,22000,29000,206283,5106,4,180.14672247264073,1.7451710300520062,28505.91304106638,36135.97945540835
1762464026,500,,Aggregated,476.800000,0.000000,4,6,15,46,570,760,1000,1700,15000,22000,29000,206755,5106,4,179.92229885648968,1.7451710300520062,28505.91304106638,36122.372972842255
1762464027,500,,Aggregated,473.900000,0.000000,4,6,15,46,570,760,1000,1700,15000,22000,29000,207246,5106,4,179.71853052799742,1.7451710300520062,28505.91304106638,36130.601859625756
1762464028,500,,Aggregated,471.400000,0.000000,4,6,15,46,570,760,1000,1700,15000,22000,29000,207724,5106,4,179.52660354132553,1.7451710300520062,28505.91304106638,36118.47585738769
1762464029,500,,Aggregated,477.800000,0.000000,4,6,14,46,570,760,1000,1700,15000,22000,29000,208208,5106,4,179.3146887343063,1.7451710300520062,28505.91304106638,36115.409878582956
1762464030,500,,Aggregated,473.500000,0.000000,4,6,14,46,570,760,1000,1700,15000,22000,29000,208698,5106,4,179.12265391381274,1.7451710300520062,28505.91304106638,36105.60298134146
1762464031,500,,Aggregated,476.500000,0.000000,4,6,14,46,570,760,1000,1700,15000,22000,29000,209160,5106,4,178.91762176846387,1.7451710300520062,28505.91304106638,36102.10540256263
1762464032,500,,Aggregated,479.700000,0.000000,4,6,14,46,570,760,1000,1700,15000,22000,29000,209669,5106,4,178.73744858545535,1.7451710300520062,28505.91304106638,36104.06243650707
1762464033,500,,Aggregated,476.500000,0.000000,4,6,14,46,570,760,1000,1700,15000,22000,29000,210173,5106,4,178.5063759912542,1.7451710300520062,28505.91304106638,36102.63821232984
1762464034,500,,Aggregated,483.700000,0.000000,4,6,14,46,570,760,1000,1700,15000,22000,29000,210658,5106,4,178.3233405615067,1.7451710300520062,28505.91304106638,36102.37549013092
1762464035,500,,Aggregated,480.300000,0.000000,4,6,14,46,570,760,1000,1700,15000,22000,29000,211138,5106,4,178.1440394153348,1.7451710300520062,28505.91304106638,36121.31467570973
1762464036,500,,Aggregated,478.100000,0.000000,4,6,14,46,570,750,1000,1700,15000,22000,29000,211602,5106,4,177.89005629538298,1.7451710300520062,28505.91304106638,36105.5972722375
1762464037,500,,Aggregated,478.700000,0.000000,4,6,14,46,570,750,1000,1600,15000,22000,29000,212118,5106,4,177.68437176874647,1.7451710300520062,28505.91304106638,36105.78036281692
1762464038,500,,Aggregated,484.200000,0.000000,4,6,14,46,570,750,1000,1600,15000,22000,29000,212582,5106,4,177.4845494704335,1.7451710300520062,28505.91304106638,36101.17287917133
1762464039,500,,Aggregated,478.300000,0.000000,4,6,14,46,570,750,1000,1600,15000,22000,29000,213106,5106,4,177.26579741850168,1.7451710300520062,28505.91304106638,36093.600255272024
1762464040,500,,Aggregated,479.400000,0.000000,4,6,14,46,570,750,1000,1600,15000,22000,29000,213610,5106,4,177.02040444562076,1.7451710300520062,28505.91304106638,36088.737081597304
1762464041,500,,Aggregated,478.500000,0.000000,4,6,14,46,570,750,1000,1600,15000,22000,29000,214069,5106,4,176.85166450063323,1.7451710300520062,28505.91304106638,36106.154482900376
1762464042,500,,Aggregated,479.700000,0.000000,4,6,14,46,570,750,1000,1600,15000,22000,29000,214579,5106,4,176.6327751767068,1.7451710300520062,28505.91304106638,36081.99260412249
1762464043,500,,Aggregated,485.300000,0.000000,4,6,14,46,570,750,1000,1600,15000,22000,29000,215086,5106,4,176.42046315983646,1.7451710300520062,28505.91304106638,36070.00292906093
1762464044,500,,Aggregated,483.800000,0.000000,4,6,14,46,570,750,1000,1600,15000,22000,29000,215595,5106,4,176.24337646339646,1.7451710300520062,28505.91304106638,36075.20206405529
1762464045,500,,Aggregated,487.600000,0.000000,4,6,14,46,570,750,1000,1600,15000,22000,29000,216055,5106,4,176.0508420075528,1.7451710300520062,28505.91304106638,36070.467492073774
1762464046,500,,Aggregated,487.500000,0.000000,4,6,13,46,570,750,1000,1600,15000,22000,29000,216578,5106,4,175.81703203100872,1.7451710300520062,28505.91304106638,36057.995553565
1762464047,500,,Aggregated,491.800000,0.000000,4,6,13,46,570,750,1000,1600,15000,22000,29000,217063,5106,4,175.62793167011603,1.7451710300520062,28505.91304106638,36065.89069532808
1762464048,500,,Aggregated,483.800000,0.000000,4,6,13,46,570,750,1000,1600,15000,22000,29000,217522,5106,4,175.42670573055526,1.7451710300520062,28505.91304106638,36065.81978834325
1762464049,500,,Aggregated,490.700000,0.000000,4,6,13,46,570,750,1000,1500,15000,22000,29000,218036,5106,4,175.22700332070784,1.7451710300520062,28505.91304106638,36057.39668219927
1762464050,500,,Aggregated,488.300000,0.000000,4,6,13,46,570,750,1000,1500,15000,22000,29000,218488,5106,4,175.04642798801677,1.7451710300520062,28505.91304106638,36072.25044396031
1762464051,500,,Aggregated,489.900000,0.000000,4,6,13,46,570,750,1000,1500,15000,22000,29000,218992,5106,4,174.84869178571563,1.7451710300520062,28505.91304106638,36061.00585409513
1762464052,500,,Aggregated,487.100000,0.000000,4,6,13,46,570,750,1000,1500,15000,22000,29000,219496,5106,4,174.66225128547595,1.7451710300520062,28505.91304106638,36060.80867077305
1762464053,500,,Aggregated,482.900000,0.000000,4,6,13,46,570,750,1000,1500,15000,22000,29000,219973,5106,4,174.50651911910452,1.7451710300520062,28505.91304106638,36056.68225191274
1762464054,500,,Aggregated,486.500000,0.000000,4,6,13,46,570,750,1000,1500,15000,22000,29000,220443,5106,4,174.31280186091684,1.7451710300520062,28505.91304106638,36062.25545379078
1762464056,500,,Aggregated,484.100000,0.000000,4,6,13,46,570,750,1000,1500,15000,22000,29000,220992,5106,4,174.04613163780996,1.7451710300520062,28505.91304106638,36057.99891851289
1762464057,500,,Aggregated,477.100000,0.000000,4,6,13,46,570,750,1000,1500,15000,22000,29000,221396,5106,4,173.89399080678567,1.7451710300520062,28505.91304106638,36064.91729751215
1762464058,500,,Aggregated,490.300000,0.000000,4,6,13,46,570,750,990,1500,15000,22000,29000,221931,5106,4,173.6666386251567,1.7451710300520062,28505.91304106638,36052.18572439181
1762464059,500,,Aggregated,476.900000,0.000000,4,6,13,46,570,750,990,1500,15000,22000,29000,222456,5106,4,173.4565274078384,1.7451710300520062,28505.91304106638,36067.31261462941
1762464060,500,,Aggregated,481.000000,0.000000,4,6,13,46,570,750,990,1500,15000,22000,29000,222880,5106,4,173.31066139396552,1.7451710300520062,28505.91304106638,36062.27134332376
1762464061,500,,Aggregated,487.900000,0.000000,4,6,13,46,570,750,990,1500,15000,22000,29000,223414,5106,4,173.1848987213734,1.7451710300520062,28505.91304106638,36049.43056836187
1762464062,500,,Aggregated,479.900000,0.000000,4,6,13,46,570,750,990,1500,15000,22000,29000,223830,5106,4,173.0726623821657,1.7451710300520062,28505.91304106638,36046.90968145467
1762464063,500,,Aggregated,487.500000,0.000000,4,6,13,46,570,750,990,1500,15000,22000,29000,224347,5106,4,172.91059375804554,1.7451710300520062,28505.91304106638,36048.09397941582
1762464064,500,,Aggregated,478.500000,0.000000,4,6,13,46,570,750,990,1500,15000,22000,29000,224821,5106,4,172.7437752396155,1.7451710300520062,28505.91304106638,36058.483807117664
1762464065,500,,Aggregated,482.200000,0.000000,4,6,13,46,570,750,990,1500,15000,22000,29000,225283,5106,4,172.5932413888932,1.7451710300520062,28505.91304106638,36048.81089562905
1762464066,500,,Aggregated,479.300000,0.000000,4,6,13,46,570,750,990,1500,15000,22000,29000,225777,5106,4,172.43179937110563,1.7451710300520062,28505.91304106638,36056.34680680495
1762464067,500,,Aggregated,478.800000,0.000000,4,6,13,46,570,750,990,1500,15000,22000,29000,226277,5106,4,172.22489982978195,1.7451710300520062,28505.91304106638,36057.51473636295
1762464068,500,,Aggregated,473.000000,0.000000,4,6,13,46,570,750,990,1500,15000,22000,29000,226727,5106,4,172.03916122964284,1.7451710300520062,28505.91304106638,36051.41038782324
1762464069,500,,Aggregated,481.600000,0.000000,4,6,13,46,570,750,990,1400,15000,22000,29000,227235,5106,4,171.86174394987427,1.7451710300520062,28505.91304106638,36065.38320681233
1762464070,500,,Aggregated,474.800000,0.000000,4,6,13,46,570,750,990,1400,15000,22000,29000,227730,5106,4,171.65595376113558,1.7451710300520062,28505.91304106638,36057.203069424315
1762464071,500,,Aggregated,472.000000,0.000000,4,6,13,46,570,750,990,1400,15000,22000,29000,228187,5106,4,171.55172720288707,1.7451710300520062,28505.91304106638,36061.75215064837
1762464072,500,,Aggregated,478.700000,0.000000,4,6,13,46,570,750,990,1400,15000,22000,29000,228728,5106,4,171.30908603861621,1.7451710300520062,28505.91304106638,36057.612041376655
1762464073,500,,Aggregated,472.600000,0.000000,4,6,13,46,570,750,990,1400,15000,22000,29000,229144,5106,4,171.14951041800836,1.7451710300520062,28505.91304106638,36064.46453321929
1762464074,500,,Aggregated,482.700000,0.000000,4,6,13,46,570,750,990,1400,15000,22000,29000,229674,5106,4,170.9667221813009,1.7451710300520062,28505.91304106638,36056.688998319354
1762464075,500,,Aggregated,474.200000,0.000000,4,6,13,46,570,750,990,1400,15000,22000,29000,230127,5106,4,170.79634010862483,1.7451710300520062,28505.91304106638,36049.15861241836
1762464076,500,,Aggregated,480.600000,0.000000,4,6,13,46,570,750,990,1400,15000,22000,29000,230617,5106,4,170.62960283067335,1.7451710300520062,28505.91304106638,36047.18845531769
1762464077,500,,Aggregated,481.000000,0.000000,4,6,13,46,570,750,990,1400,15000,22000,29000,231109,5106,4,170.46572120862052,1.7451710300520062,28505.91304106638,36062.12205928804
1762464078,500,,Aggregated,479.100000,0.000000,4,6,13,46,570,750,990,1400,15000,22000,29000,231594,5106,4,170.24546017920292,1.7451710300520062,28505.91304106638,36051.650051383025
1762464079,500,,Aggregated,481.100000,0.000000,4,6,13,46,570,750,980,1400,15000,22000,29000,232114,5107,4,170.05930934823834,1.7451710300520062,28505.91304106638,36057.782111376306
1762464080,500,,Aggregated,479.500000,0.000000,4,6,13,46,570,750,980,1400,15000,22000,29000,232556,5107,4,169.89879309711094,1.7451710300520062,28505.91304106638,36066.2501849017
1762464081,500,,Aggregated,484.400000,0.100000,4,6,13,46,570,750,980,1400,15000,22000,29000,233065,5107,4,169.72497131374303,1.7451710300520062,28505.91304106638,36050.133773839916
1762464082,500,,Aggregated,478.800000,0.100000,4,6,13,46,570,750,980,1400,15000,22000,29000,233553,5107,4,169.56532165681767,1.7451710300520062,28505.91304106638,36073.942364259936
1762464083,500,,Aggregated,480.000000,0.100000,4,6,13,46,570,740,980,1400,15000,22000,29000,234019,5107,4,169.40293516999404,1.7451710300520062,28505.91304106638,36078.73155598477
1762464084,500,,Aggregated,478.300000,0.100000,4,6,13,46,570,740,980,1400,15000,22000,29000,234463,5107,4,169.26173734266405,1.7451710300520062,28505.91304106638,36070.68163420241
1762464085,500,,Aggregated,482.500000,0.100000,4,6,12,46,570,740,980,1400,15000,22000,29000,234958,5107,4,169.11229889827302,1.7451710300520062,28505.91304106638,36076.091650422626
1762464086,500,,Aggregated,474.700000,0.100000,4,6,12,46,570,740,980,1400,15000,22000,29000,235418,5107,4,168.98302710038524,1.7451710300520062,28505.91304106638,36072.80393172994
1762464087,500,,Aggregated,479.600000,0.100000,4,6,12,46,570,740,980,1400,15000,22000,29000,235950,5107,4,168.77024726939348,1.7451710300520062,28505.91304106638,36048.1877516423
1762464088,500,,Aggregated,476.100000,0.100000,4,6,12,46,570,740,980,1400,15000,22000,29000,236405,5107,4,168.64258321280957,1.7451710300520062,28505.91304106638,36057.058196738646
1762464089,500,,Aggregated,471.500000,0.100000,4,6,12,46,570,740,980,1400,15000,22000,29000,236885,5107,4,168.4464418883166,1.7451710300520062,28505.91304106638,36054.71577769804
1762464090,500,,Aggregated,478.600000,0.100000,4,6,12,46,570,740,980,1400,15000,22000,29000,237381,5107,4,168.26945176796542,1.7451710300520062,28505.91304106638,36075.22839654395
1762464091,500,,Aggregated,471.500000,0.000000,4,6,12,46,570,740,980,1400,15000,22000,29000,237849,5107,4,168.11710472961596,1.7451710300520062,28505.91304106638,36066.08545337588
1762464092,500,,Aggregated,474.800000,0.000000,4,6,12,46,570,740,980,1400,15000,22000,29000,238298,5107,4,167.96491583566367,1.7451710300520062,28505.91304106638,36060.42096450663
1762464093,500,,Aggregated,478.500000,0.000000,4,6,12,46,570,740,980,1400,15000,22000,29000,238835,5107,4,167.77056160926674,1.7451710300520062,28505.91304106638,36064.48978583541
1762464094,500,,Aggregated,469.400000,0.000000,4,6,12,46,570,740,980,1400,15000,22000,29000,239297,5107,4,167.61151295375612,1.7451710300520062,28505.91304106638,36060.65623889978
1762464095,500,,Aggregated,471.200000,0.000000,4,6,12,46,570,740,980,1400,15000,22000,29000,239791,5121,4,167.4562087961157,1.7451710300520062,28505.91304106638,36055.6275339775
1762464096,500,,Aggregated,479.000000,0.000000,4,6,12,46,570,740,980,1400,15000,22000,29000,240302,5148,4,167.26225993043226,1.7451710300520062,28505.91304106638,36052.38282244842
1762464097,500,,Aggregated,472.800000,0.300000,4,6,12,46,570,740,980,1400,15000,22000,29000,240762,5177,4,167.10857059752544,1.7451710300520062,28505.91304106638,36063.39872986601
1762464098,500,,Aggregated,476.800000,2.600000,4,6,12,46,570,740,980,1400,15000,22000,29000,241270,5206,4,166.8895765869323,1.7451710300520062,28505.91304106638,36034.158478053636
1762464099,500,,Aggregated,482.700000,5.700000,4,6,12,46,570,740,980,1400,15000,22000,29000,241730,5234,4,166.76230327706048,1.7451710300520062,28505.91304106638,36036.735179746
1762464100,500,,Aggregated,476.700000,8.400000,4,6,12,46,570,740,970,1400,14000,22000,29000,242215,5262,4,166.57661106928933,1.7451710300520062,28505.91304106638,36030.84113700638
1762464101,500,,Aggregated,485.000000,11.500000,4,6,12,46,570,740,970,1400,14000,22000,29000,242742,5292,4,166.40258967624126,1.7451710300520062,28505.91304106638,36024.43426765867
1762464102,500,,Aggregated,480.400000,14.100000,4,6,12,45,570,740,970,1400,14000,22000,29000,243227,5333,4,166.2706275772988,1.7451710300520062,28505.91304106638,36012.05970143117
1762464103,500,,Aggregated,476.400000,16.700000,4,6,12,45,570,740,970,1300,14000,22000,29000,243702,5381,4,166.15766116528448,1.7451710300520062,28505.91304106638,36002.283222952625
1762464104,500,,Aggregated,485.300000,20.100000,4,6,12,45,570,740,970,1300,14000,22000,29000,244202,5439,4,166.01684467905477,1.7451710300520062,28505.91304106638,36006.03643704802
1762464105,500,,Aggregated,486.900000,24.800000,4,6,12,45,570,740,970,1300,14000,22000,29000,244693,5493,4,165.90787309205263,1.7451710300520062,28505.91304106638,35996.2590552243
1762464106,500,,Aggregated,485.100000,30.600000,4,6,12,45,560,740,970,1300,14000,22000,29000,245132,5524,4,165.73875025686837,1.7451710300520062,28505.91304106638,35996.01281350456
1762464107,500,,Aggregated,487.200000,35.600000,4,6,12,45,560,740,970,1300,14000,22000,29000,245540,5548,4,165.63765289574354,1.7451710300520062,28505.91304106638,35993.874855420705
1762464108,500,,Aggregated,488.100000,37.900000,4,6,12,45,560,740,970,1300,14000,22000,29000,245976,5575,4,165.51130552699763,1.7451710300520062,28505.91304106638,35992.21365905617
1762464109,500,,Aggregated,476.900000,37.400000,4,6,12,45,570,740,970,1300,14000,22000,29000,246347,5594,4,165.43489605125217,1.7451710300520062,28505.91304106638,35991.71992352251
1762464110,500,,Aggregated,475.300000,37.100000,4,6,12,45,570,740,970,1300,14000,22000,29000,246667,5614,4,165.38002205304488,1.7451710300520062,28505.91304106638,35998.308504988505
1762464111,500,,Aggregated,457.600000,36.100000,4,6,12,45,570,740,970,1300,14000,22000,29000,246990,5632,4,165.32798418050936,1.7451710300520062,28505.91304106638,36004.406822138546
1762464112,500,,Aggregated,447.200000,35.600000,4,6,12,45,570,740,970,1300,14000,22000,29000,247253,5646,4,165.26648906891134,1.7451710300520062,28505.91304106638,36017.30723186372
1762464113,500,,Aggregated,434.100000,34.900000,4,6,12,45,570,740,970,1300,14000,22000,29000,247528,5646,4,165.40942102652002,1.7451710300520062,28505.91304106638,36035.01028570505
1762464114,500,,Aggregated,414.300000,33.000000,4,6,12,45,570,740,970,1300,14000,22000,29000,247788,5649,4,165.6483461440815,1.7451710300520062,28505.91304106638,36043.76517426187
1762464115,500,,Aggregated,386.300000,29.100000,4,6,12,45,570,740,980,1400,14000,22000,29000,248145,5667,4,166.8451269704704,1.7451710300520062,28505.91304106638,36041.73751234158
1762464116,500,,Aggregated,365.900000,23.300000,4,6,12,45,570,740,980,1400,14000,22000,29000,248461,5684,4,167.33398286693742,1.7451710300520062,28505.91304106638,36048.6360233598
1762464117,500,,Aggregated,345.900000,18.900000,4,6,12,45,570,740,980,1400,14000,22000,29000,248890,5706,4,167.62180405162195,1.7451710300520062,28505.91304106638,36055.620724014625
1762464118,500,,Aggregated,335.600000,16.000000,4,6,12,45,570,740,980,1400,14000,22000,29000,249197,5723,4,167.51406472426663,1.7451710300520062,28505.91304106638,36056.721846571185
1762464119,500,,Aggregated,327.000000,15.200000,4,6,12,45,570,740,980,1400,14000,22000,29000,249606,5744,4,167.49338498712348,1.7451710300520062,28505.91304106638,36056.81885852103
1762464120,500,,Aggregated,320.300000,14.900000,4,6,12,45,570,740,980,1400,14000,22000,29000,249971,5765,4,168.31532480930548,1.7451710300520062,28505.91304106638,36054.92883574495
1762464121,500,,Aggregated,315.400000,14.500000,4,6,12,45,570,740,980,1400,14000,21000,29000,250405,5785,4,168.6759223275286,1.7451710300520062,28505.91304106638,36040.098744034665
1762464122,500,,Aggregated,322.800000,14.600000,4,6,12,45,570,740,980,1400,14000,21000,29000,250840,5808,4,168.83461907782893,1.7451710300520062,28505.91304106638,36028.48730266305
1762464123,500,,Aggregated,331.500000,14.800000,4,6,12,45,570,740,980,1400,14000,21000,29000,251313,5834,4,169.26827480538398,1.7451710300520062,28505.91304106638,36014.898067350274
1762464124,500,,Aggregated,338.700000,15.200000,4,6,12,45,570,740,980,1400,14000,21000,29000,251774,5856,4,169.19904641171843,1.7451710300520062,28505.91304106638,36018.723204143396
1762464125,500,,Aggregated,359.800000,16.700000,4,6,12,45,570,740,980,1400,14000,21000,29000,252213,5856,4,169.17622382040653,1.7451710300520062,28505.91304106638,36012.32514580929
1762464126,500,,Aggregated,381.300000,19.300000,4,6,12,45,570,740,980,1400,14000,21000,29000,252615,5856,4,169.17967939870914,1.7451710300520062,28505.91304106638,36009.3680858223
1762464127,500,,Aggregated,395.900000,20.100000,4,6,12,45,570,740,980,1500,14000,21000,29000,253024,5856,4,169.84441845373348,1.7451710300520062,28505.91304106638,36014.05437033641
1762464128,500,,Aggregated,400.500000,18.400000,4,6,12,45,570,740,980,1500,14000,21000,29000,253312,5856,4,169.9882907984698,1.7451710300520062,28505.91304106638,36028.14816116094
1762464129,500,,Aggregated,410.700000,16.600000,4,6,12,45,570,740,980,1500,14000,21000,29000,253656,5856,4,170.05588089852205,1.7451710300520062,28505.91304106638,36045.560925032325
1762464130,500,,Aggregated,409.800000,14.500000,4,6,12,45,570,740,980,1500,14000,21000,29000,253936,5856,4,170.31836520039144,1.7451710300520062,28505.91304106638,36071.300815953626
1762464131,500,,Aggregated,410.100000,12.800000,4,6,12,45,570,740,980,1500,14000,21000,29000,254229,5856,4,170.26580245761562,1.7451710300520062,28505.91304106638,36083.053762552656
1762464132,500,,Aggregated,401.300000,10.600000,4,6,12,45,570,740,980,1500,14000,21000,29000,254509,5856,4,170.47063675017498,1.7451710300520062,28505.91304106638,36102.26958575139
1762464133,500,,Aggregated,385.100000,8.500000,4,6,12,45,570,740,980,1500,14000,21000,29000,254827,5856,4,170.89589096283038,1.7451710300520062,28505.91304106638,36116.4995820694
1762464134,500,,Aggregated,378.400000,6.600000,4,6,12,45,570,740,980,1500,14000,21000,29000,255132,5856,4,170.99276575244625,1.7451710300520062,28505.91304106638,36129.84824718185
1762464135,500,,Aggregated,361.800000,4.300000,4,6,12,45,570,740,990,1500,14000,21000,29000,255539,5856,4,171.84375557228847,1.7451710300520062,28505.91304106638,36121.78686227934
1762464136,500,,Aggregated,343.500000,1.700000,4,6,12,45,570,740,990,1600,14000,21000,29000,255935,5856,4,172.38162550769084,1.7451710300520062,28505.91304106638,36123.18274561901
1762464137,500,,Aggregated,330.800000,0.000000,4,6,12,45,570,740,990,1600,14000,21000,29000,256436,5856,4,172.70947310683704,1.7451710300520062,28505.91304106638,36114.485723533355
1762464138,500,,Aggregated,329.700000,0.000000,4,6,12,45,570,740,990,1600,14000,21000,29000,256881,5856,4,172.6461214174786,1.7451710300520062,28505.91304106638,36111.79448849856
1762464139,500,,Aggregated,326.000000,0.000000,4,6,12,45,570,740,990,1600,14000,21000,29000,257369,5856,4,172.56286030823253,1.7451710300520062,28505.91304106638,36120.99900143374
1762464140,500,,Aggregated,341.000000,0.000000,4,6,12,45,570,740,990,1600,14000,21000,29000,257820,5856,4,172.50512463250408,1.7451710300520062,28505.91304106638,36112.41163990381
1762464141,500,,Aggregated,353.000000,0.000000,4,6,12,45,570,740,990,1600,14000,21000,29000,258312,5856,4,173.30510845643138,1.7451710300520062,28505.91304106638,36105.93562048995
1762464142,500,,Aggregated,370.600000,0.000000,4,6,12,45,570,740,990,1600,14000,21000,29000,258769,5856,4,173.29966401405014,1.7451710300520062,28505.91304106638,36109.626133733174
1762464143,500,,Aggregated,388.400000,0.000000,4,6,12,45,570,740,990,1600,14000,21000,29000,259247,5856,4,173.29001077620256,1.7451710300520062,28505.91304106638,36109.45276898093
1762464144,500,,Aggregated,405.400000,0.000000,4,6,12,45,570,740,990,1600,14000,21000,29000,259724,5856,4,173.19537985857784,1.7451710300520062,28505.91304106638,36103.64677503812
1762464146,500,,Aggregated,422.500000,0.000000,4,6,11,45,570,740,990,1600,14000,21000,29000,260220,5856,4,173.15027839383083,1.7451710300520062,28505.91304106638,36097.15020367382
1762464147,500,,Aggregated,456.100000,0.000000,4,6,11,45,570,740,990,1600,14000,21000,29000,260650,5856,4,173.12919654930934,1.7451710300520062,28505.91304106638,36100.21796662191
1762464148,500,,Aggregated,464.300000,0.000000,4,6,11,45,570,740,990,1600,14000,21000,29000,261180,5856,4,173.05466445447468,1.7451710300520062,28505.91304106638,36098.79021747454
1762464149,500,,Aggregated,467.600000,0.000000,4,6,11,45,570,740,990,1600,14000,21000,29000,261620,5856,4,172.90710538754283,1.7451710300520062,28505.91304106638,36097.04515709808
1762464150,500,,Aggregated,469.000000,0.000000,4,6,11,45,570,740,990,1600,14000,21000,29000,262128,5856,4,172.88474860203658,1.7451710300520062,28505.91304106638,36095.04057178173
1762464151,500,,Aggregated,467.200000,0.000000,4,6,11,45,570,740,990,1600,14000,21000,29000,262647,5856,4,172.8331647436197,1.7451710300520062,28505.91304106638,36096.0228062761
1762464152,500,,Aggregated,470.400000,0.000000,4,6,11,45,570,740,980,1600,14000,21000,29000,263113,5856,4,172.7270970672116,1.7451710300520062,28505.91304106638,36097.461508933426
1762464153,500,,Aggregated,476.500000,0.000000,4,6,11,45,570,740,980,1600,14000,21000,29000,263603,5856,4,172.52432532244168,1.7451710300520062,28505.91304106638,36105.67158947357
1762464154,500,,Aggregated,476.200000,0.000000,4,6,11,45,570,740,980,1600,14000,21000,29000,264046,5856,4,172.36408842422566,1.7451710300520062,28505.91304106638,36109.00427577013
1762464155,500,,Aggregated,479.000000,0.000000,4,6,11,45,570,740,980,1600,14000,21000,29000,264513,5856,4,172.17861105096938,1.7451710300520062,28505.91304106638,36116.29661302091
1762464156,500,,Aggregated,477.200000,0.000000,4,6,11,45,570,740,980,1600,14000,21000,29000,265022,5856,4,172.26304838014318,1.7451710300520062,28505.91304106638,36112.21213333233
1762464157,500,,Aggregated,474.500000,0.000000,4,6,11,45,570,740,980,1600,14000,21000,29000,265497,5856,4,172.17242701701497,1.7451710300520062,28505.91304106638,36125.976643803886
1762464158,500,,Aggregated,474.900000,0.000000,4,6,11,45,570,740,980,1600,14000,21000,29000,266009,5856,4,171.97653465940934,1.7451710300520062,28505.91304106638,36115.53256092839
1762464159,500,,Aggregated,479.800000,0.000000,4,6,11,45,570,740,980,1600,14000,21000,29000,266456,5856,4,171.8772947511308,1.7451710300520062,28505.91304106638,36118.19447863812
1762464160,500,,Aggregated,477.700000,0.000000,4,6,11,45,560,740,980,1600,14000,21000,29000,266969,5856,4,171.6817258449935,1.7451710300520062,28505.91304106638,36107.35945371934
1762464161,500,,Aggregated,478.900000,0.000000,4,6,11,45,560,740,980,1600,14000,21000,29000,267493,5856,4,171.50760369268824,1.7451710300520062,28505.91304106638,36109.62160878976
1762464162,500,,Aggregated,479.700000,0.000000,4,6,11,45,560,740,980,1600,14000,21000,29000,267926,5856,4,171.3723962491346,1.7451710300520062,28505.91304106638,36118.587307689435
1762464163,500,,Aggregated,478.500000,0.000000,4,6,11,45,560,740,980,1600,14000,21000,29000,268408,5856,4,171.1965626223484,1.7451710300520062,28505.91304106638,36117.83615987601
1762464164,500,,Aggregated,476.700000,0.000000,4,6,11,45,560,740,980,1600,14000,21000,29000,268882,5856,4,171.11246545484363,1.7451710300520062,28505.91304106638,36123.36576639567
1762464165,500,,Aggregated,473.800000,0.000000,4,6,11,45,560,740,980,1500,14000,21000,29000,269414,5856,4,170.94848891295652,1.7451710300520062,28505.91304106638,36122.40020191972
1762464166,500,,Aggregated,476.800000,0.000000,4,6,11,45,560,740,980,1500,14000,21000,29000,269876,5856,4,170.80438581238596,1.7451710300520062,28505.91304106638,36125.07146244942
1762464167,500,,Aggregated,483.700000,0.000000,4,6,11,45,560,740,980,1500,14000,21000,29000,270414,5856,4,170.64730073037265,1.7451710300520062,28505.91304106638,36116.36590191336
1762464168,500,,Aggregated,481.200000,0.000000,4,6,11,45,560,740,980,1500,14000,21000,29000,270851,5856,4,170.5445045360173,1.7451710300520062,28505.91304106638,36115.13584221583
1762464169,500,,Aggregated,482.300000,0.000000,4,6,11,45,560,740,980,1500,14000,21000,29000,271349,5857,4,170.36438557376368,1.7451710300520062,28505.91304106638,36114.57342389321
1762464170,500,,Aggregated,480.800000,0.000000,4,6,11,45,560,740,980,1500,14000,21000,29000,271823,5857,4,170.24813277797855,1.7451710300520062,28505.91304106638,36103.6309179135
1762464171,500,,Aggregated,477.900000,0.100000,4,6,11,45,560,740,980,1500,14000,21000,29000,272297,5857,4,170.12727044603926,1.7451710300520062,28505.91304106638,36110.63694789146
1762464172,500,,Aggregated,482.100000,0.100000,4,6,11,45,560,740,980,1500,14000,21000,29000,272750,5857,4,170.02890360072175,1.7451710300520062,28505.91304106638,36104.0154243813
1762464173,500,,Aggregated,474.200000,0.100000,4,6,11,45,560,740,980,1500,14000,21000,29000,273240,5857,4,169.87230479002332,1.7451710300520062,28505.91304106638,36101.16782681891
1762464174,500,,Aggregated,476.400000,0.100000,4,6,11,45,560,740,980,1500,14000,21000,29000,273758,5857,4,169.68808432495328,1.7451710300520062,28505.91304106638,36099.55324410611
1762464175,500,,Aggregated,479.200000,0.100000,4,6,11,45,560,740,980,1500,14000,21000,29000,274256,5857,4,169.54660831274091,1.7451710300520062,28505.91304106638,36096.97247826848
1762464176,500,,Aggregated,482.600000,0.100000,4,6,11,45,560,740,980,1500,14000,21000,29000,274715,5857,4,169.4006506974114,1.7451710300520062,28505.91304106638,36104.58455126222
1762464177,500,,Aggregated,478.900000,0.100000,4,6,11,45,560,740,980,1500,14000,21000,29000,275189,5857,4,169.26334105945506,1.7451710300520062,28505.91304106638,36099.9408406586
1762464178,500,,Aggregated,478.400000,0.100000,4,6,11,45,560,740,980,1500,14000,21000,29000,275693,5857,4,169.16404655732552,1.7451710300520062,28505.91304106638,36088.31404859753
1762464179,500,,Aggregated,476.900000,0.100000,4,6,11,45,560,730,980,1500,14000,21000,29000,276169,5858,4,169.03873909051347,1.7451710300520062,28505.91304106638,36075.626938577465
1762464180,500,,Aggregated,477.200000,0.100000,4,6,11,45,560,730,980,1500,14000,21000,29000,276592,5858,4,168.96128239075335,1.7451710300520062,28505.91304106638,36078.854580031235
1762464181,500,,Aggregated,483.300000,0.100000,4,6,10,45,560,730,980,1500,14000,21000,29000,277109,5858,4,168.89775620099346,1.7451710300520062,28505.91304106638,36070.79667928505
1762464182,500,,Aggregated,467.800000,0.100000,4,6,11,45,560,730,980,1500,14000,21000,29000,277534,5858,4,168.8797489540381,1.7451710300520062,28505.91304106638,36072.02671384407
1762464183,500,,Aggregated,478.700000,0.100000,4,6,11,45,560,730,970,1500,14000,21000,29000,278042,5858,4,168.79941854816695,1.7451710300520062,28505.91304106638,36086.08071082786
1762464184,500,,Aggregated,470.900000,0.100000,4,6,11,45,560,730,970,1500,14000,21000,29000,278551,5858,4,168.61384308650307,1.7451710300520062,28505.91304106638,36083.13605407986
1762464185,500,,Aggregated,474.200000,0.100000,4,6,11,45,560,730,970,1500,14000,21000,29000,279064,5858,4,168.4344481355925,1.7451710300520062,28505.91304106638,36075.81654029183
1762464186,500,,Aggregated,472.800000,0.100000,4,6,11,45,560,730,970,1500,14000,21000,29000,279498,5858,4,168.301194199113,1.7451710300520062,28505.91304106638,36080.27703597164
1762464187,500,,Aggregated,475.500000,0.100000,4,6,11,45,560,730,970,1500,14000,21000,29000,279951,5858,4,168.1778512554419,1.7451710300520062,28505.91304106638,36076.538665695065
1762464188,500,,Aggregated,471.300000,0.100000,4,6,11,45,560,730,970,1500,14000,21000,29000,280457,5858,4,168.03905660024031,1.7451710300520062,28505.91304106638,36074.607262432386
1762464189,500,,Aggregated,474.300000,0.100000,4,6,11,45,560,730,970,1500,14000,21000,29000,280952,5858,4,167.8964713392621,1.7451710300520062,28505.91304106638,36089.45248298642
1762464190,500,,Aggregated,470.800000,0.100000,4,6,11,45,560,730,970,1500,14000,21000,29000,281418,5858,4,167.76197315743886,1.7451710300520062,28505.91304106638,36081.274893574686
1762464191,500,,Aggregated,466.800000,0.000000,4,6,11,45,560,730,970,1500,14000,21000,29000,281904,5858,4,167.61180594803216,1.7451710300520062,28505.91304106638,36087.80140402407
1762464192,500,,Aggregated,477.000000,0.000000,4,6,10,45,560,730,970,1400,14000,21000,29000,282394,5858,4,167.45367573570852,1.7451710300520062,28505.91304106638,36073.27841597201
1762464193,500,,Aggregated,472.400000,0.000000,4,6,10,45,560,730,970,1400,14000,21000,29000,282905,5858,4,167.3093102414645,1.7451710300520062,28505.91304106638,36062.20863187289
1762464194,500,,Aggregated,480.200000,0.000000,4,6,10,45,560,730,970,1400,14000,21000,29000,283357,5858,4,167.16996024485326,1.7451710300520062,28505.91304106638,36061.6327389124
1762464195,500,,Aggregated,477.300000,0.000000,4,6,10,45,560,730,970,1400,14000,21000,29000,283874,5858,4,167.0055529325843,1.7451710300520062,28505.91304106638,36063.83527198687
1762464196,500,,Aggregated,477.400000,0.000000,4,6,10,45,560,730,970,1400,14000,21000,29000,284353,5858,4,166.8777423985611,1.7451710300520062,28505.91304106638,36074.763835795646
1762464197,500,,Aggregated,475.300000,0.000000,4,6,10,45,560,730,970,1400,14000,21000,29000,284842,5858,4,166.71254385327623,1.7451710300520062,28505.91304106638,36072.71920924583
1762464198,500,,Aggregated,480.100000,0.000000,4,6,10,45,560,730,970,1400,14000,21000,29000,285358,5858,4,166.58919033197503,1.7451710300520062,28505.91304106638,36076.38740459353
1762464199,500,,Aggregated,481.000000,0.000000,4,6,10,45,560,730,970,1400,14000,21000,29000,285859,5858,4,166.42825047331434,1.7451710300520062,28505.91304106638,36075.90157385285
1762464200,500,,Aggregated,480.300000,0.000000,4,6,10,45,560,730,970,1400,14000,21000,29000,286368,5858,4,166.28778409824352,1.7451710300520062,28505.91304106638,36064.81612121466
1762464201,500,,Aggregated,487.100000,0.000000,4,6,10,45,560,730,970,1400,14000,21000,29000,286844,5858,4,166.17318598000344,1.7451710300520062,28505.91304106638,36062.43704243421
1762464202,500,,Aggregated,485.700000,0.000000,4,6,10,45,560,730,970,1400,14000,21000,29000,287329,5858,4,166.06799327899282,1.7451710300520062,28505.91304106638,36071.17920919921
1762464203,500,,Aggregated,485.400000,0.000000,4,6,10,45,560,730,970,1400,14000,21000,29000,287855,5858,4,165.90694980600014,1.7451710300520062,28505.91304106638,36055.7679317712
1762464204,500,,Aggregated,488.500000,0.000000,4,6,10,45,560,730,970,1400,14000,21000,29000,288321,5858,4,165.77263098992256,1.7451710300520062,28505.91304106638,36060.77801131378
1762464205,500,,Aggregated,487.900000,0.000000,4,6,10,45,560,730,960,1400,14000,21000,35000,288875,5858,4,165.7474896270106,1.7451710300520062,34583.37028906681,36059.95562440502
1762464206,500,,Aggregated,488.100000,0.000000,4,6,10,45,560,730,960,1400,14000,21000,35000,289340,5858,4,165.59449417962716,1.7451710300520062,34583.37028906681,36050.501417018044
1762464207,500,,Aggregated,487.500000,0.000000,4,6,10,45,560,730,960,1400,14000,21000,35000,289816,5858,4,165.45788412093694,1.7451710300520062,34583.37028906681,36044.036402407044
1762464208,500,,Aggregated,490.200000,0.000000,4,6,10,45,560,730,960,1400,14000,21000,35000,290296,5858,4,165.33302827977883,1.7451710300520062,34583.37028906681,36043.61331192989
1762464209,500,,Aggregated,486.200000,0.000000,4,6,10,45,560,730,960,1400,14000,21000,35000,290835,5858,4,165.14515473682084,1.7451710300520062,34583.37028906681,36035.15426616467
1762464210,500,,Aggregated,490.600000,0.000000,4,6,10,45,560,730,960,1400,14000,21000,35000,291280,5858,4,165.05570763628606,1.7451710300520062,34583.37028906681,36038.98205506729
1762464211,500,,Aggregated,488.500000,0.000000,4,6,10,45,560,730,960,1400,14000,21000,35000,291745,5858,4,164.95718599964786,1.7451710300520062,34583.37028906681,36044.20664621502
1762464212,500,,Aggregated,487.700000,0.000000,4,6,10,45,560,730,960,1400,14000,21000,35000,292271,5858,4,164.78575531565278,1.7451710300520062,34583.37028906681,36037.99080647755
1762464213,500,,Aggregated,489.300000,0.000000,4,6,10,45,560,730,960,1400,14000,21000,35000,292761,5858,4,164.6441732807502,1.7451710300520062,34583.37028906681,36035.53333948169
1762464214,500,,Aggregated,487.300000,0.000000,4,6,10,45,560,730,960,1400,14000,21000,35000,293211,5858,4,164.569442528984,1.7451710300520062,34583.37028906681,36032.471994570464
1762464215,500,,Aggregated,486.600000,0.000000,4,6,10,45,560,730,960,1400,14000,21000,35000,293682,5858,4,164.4270116330277,1.7451710300520062,34583.37028906681,36029.28846847951
1762464216,500,,Aggregated,486.200000,0.000000,4,6,10,45,560,730,960,1400,14000,21000,35000,294201,5858,4,164.29378685271493,1.7451710300520062,34583.37028906681,36035.167385562934
1762464217,500,,Aggregated,482.500000,0.000000,4,6,10,45,560,730,960,1400,14000,21000,35000,294699,5858,4,164.16541577327467,1.7451710300520062,34583.37028906681,36046.77331107333
1762464218,500,,Aggregated,479.000000,0.000000,4,6,10,45,560,730,960,1400,14000,21000,35000,295163,5858,4,164.0293957274933,1.7451710300520062,34583.37028906681,36040.16490210494
1762464219,500,,Aggregated,481.600000,0.000000,4,6,10,45,560,730,960,1400,14000,21000,35000,295631,5858,4,163.9034800749325,1.7451710300520062,34583.37028906681,36042.51211138209
1762464220,500,,Aggregated,482.800000,0.000000,4,6,10,45,560,730,960,1400,14000,21000,35000,296157,5858,4,163.78039356270008,1.7451710300520062,34583.37028906681,36044.86057057574
1762464221,500,,Aggregated,483.300000,0.000000,4,6,10,45,560,730,960,1400,14000,21000,35000,296605,5858,4,163.64419023798618,1.7451710300520062,34583.37028906681,36041.44374167664
1762464222,500,,Aggregated,478.200000,0.000000,4,6,10,45,560,730,960,1400,14000,21000,35000,297150,5858,4,163.50245331075627,1.7451710300520062,34583.37028906681,36026.83398283695
1762464223,500,,Aggregated,482.100000,0.000000,4,6,10,45,560,730,960,1400,14000,21000,35000,297590,5858,4,163.42625184356785,1.7451710300520062,34583.37028906681,36037.6984979334
1762464224,500,,Aggregated,478.900000,0.000000,4,6,10,45,560,730,960,1400,14000,21000,35000,298091,5858,4,163.26101749278416,1.7451710300520062,34583.37028906681,36024.62651002546
1762464225,500,,Aggregated,483.600000,0.000000,4,6,10,45,560,730,960,1400,14000,21000,35000,298577,5858,4,163.1642249059359,1.7451710300520062,34583.37028906681,36030.008252477586
1762464226,500,,Aggregated,478.900000,0.000000,4,6,10,45,560,730,960,1400,14000,21000,35000,299082,5858,4,163.04457944878857,1.7451710300520062,34583.37028906681,36030.09859169057
1762464227,500,,Aggregated,481.600000,0.000000,4,6,10,45,560,730,960,1300,14000,21000,35000,299581,5858,4,162.91068609930625,1.7451710300520062,34583.37028906681,36045.01489079748
1762464228,500,,Aggregated,485.100000,0.000000,4,6,10,45,560,730,960,1300,14000,21000,35000,300106,5858,4,162.75544181627927,1.7451710300520062,34583.37028906681,36041.37200522482
1762464229,500,,Aggregated,483.300000,0.000000,4,6,10,45,560,720,960,1300,14000,21000,35000,300578,5858,4,162.64727349833476,1.7451710300520062,34583.37028906681,36052.82165361404
1762464231,500,,Aggregated,483.600000,0.000000,4,6,10,45,560,720,960,1300,14000,21000,35000,301053,5858,4,162.53500740378885,1.7451710300520062,34583.37028906681,36053.555805788346
1762464232,500,,Aggregated,488.300000,0.000000,4,6,10,45,560,720,950,1300,14000,21000,35000,301558,5858,4,162.39062577966746,1.7451710300520062,34583.37028906681,36043.937441553535
1762464233,500,,Aggregated,482.900000,0.000000,4,6,10,45,560,720,950,1300,14000,21000,35000,302041,5858,4,162.2913844657856,1.7451710300520062,34583.37028906681,36047.6880191762
1762464234,500,,Aggregated,488.200000,0.000000,4,6,10,45,560,720,950,1300,14000,21000,35000,302568,5858,4,162.14680994406646,1.7451710300520062,34583.37028906681,36042.309940244835
1762464235,500,,Aggregated,482.600000,0.000000,4,6,10,45,560,720,950,1300,14000,21000,35000,302999,5859,4,162.05917799812005,1.7451710300520062,34583.37028906681,36049.935983287076
1762464236,500,,Aggregated,488.700000,0.000000,4,6,10,45,560,720,950,1300,14000,21000,35000,303476,5859,4,161.9488586741777,1.7451710300520062,34583.37028906681,36050.61803898826
1762464237,500,,Aggregated,485.800000,0.100000,4,6,10,45,560,720,950,1300,14000,21000,35000,303964,5859,4,161.822323566155,1.7451710300520062,34583.37028906681,36045.3251371873
1762464238,500,,Aggregated,482.700000,0.100000,4,6,10,45,560,720,950,1300,14000,21000,35000,304426,5859,4,161.72956880110536,1.7451710300520062,34583.37028906681,36049.984531544615
1762464239,500,,Aggregated,484.100000,0.100000,4,6,10,45,560,720,950,1300,14000,21000,35000,304888,5859,4,161.63035765651347,1.7451710300520062,34583.37028906681,36048.60275904594
1762464240,500,,Aggregated,477.200000,0.100000,4,6,10,45,560,720,950,1300,14000,21000,35000,305326,5860,4,161.52171400771232,1.7451710300520062,34583.37028906681,36046.298516994946
1762464241,500,,Aggregated,473.800000,0.100000,4,6,10,45,560,720,950,1300,14000,21000,35000,305849,5860,4,161.42113058721094,1.7451710300520062,34583.37028906681,36051.48442859058
1762464242,500,,Aggregated,473.200000,0.200000,4,6,10,45,560,720,950,1300,14000,21000,35000,306260,5860,4,161.35701731508505,1.7451710300520062,34583.37028906681,36055.1447560896
1762464243,500,,Aggregated,474.700000,0.200000,4,6,10,45,560,720,950,1300,14000,21000,35000,306771,5860,4,161.27073916841482,1.7451710300520062,34583.37028906681,36053.90296996783
1762464244,500,,Aggregated,465.800000,0.200000,4,6,10,45,560,720,950,1300,14000,21000,35000,307274,5860,4,161.16624569594998,1.7451710300520062,34583.37028906681,36057.77036456062
1762464245,500,,Aggregated,470.800000,0.200000,4,6,10,45,560,720,950,1300,14000,21000,35000,307766,5860,4,161.07511226501828,1.7451710300520062,34583.37028906681,36052.744968580024
1762464246,500,,Aggregated,466.800000,0.200000,4,6,10,45,560,720,950,1300,14000,21000,35000,308223,5861,4,160.9608440785988,1.7451710300520062,34583.37028906681,36056.33979618653
1762464247,500,,Aggregated,470.500000,0.100000,4,6,10,45,560,720,950,1300,14000,21000,35000,308715,5861,4,160.861478549632,1.7451710300520062,34583.37028906681,36049.47218955995
1762464248,500,,Aggregated,469.800000,0.200000,4,6,10,45,560,720,950,1300,14000,21000,35000,309241,5861,4,160.73199165916856,1.7451710300520062,34583.37028906681,36037.67879744277
1762464249,500,,Aggregated,468.400000,0.200000,4,6,10,45,560,720,950,1300,14000,21000,35000,309698,5861,4,160.63110608387,1.7451710300520062,34583.37028906681,36046.3997507249
1762464250,500,,Aggregated,480.400000,0.200000,4,6,10,44,560,720,950,1300,14000,21000,35000,310195,5861,4,160.50522574322144,1.7451710300520062,34583.37028906681,36045.43411724883
1762464251,500,,Aggregated,476.300000,0.200000,4,6,10,44,560,720,950,1300,14000,21000,35000,310711,5861,4,160.42238505978753,1.7451710300520062,34583.37028906681,36042.41033307479
1762464252,500,,Aggregated,479.700000,0.100000,4,6,10,44,560,720,950,1300,14000,21000,35000,311197,5861,4,160.30454730524843,1.7451710300520062,34583.37028906681,36038.35442179713
1762464253,500,,Aggregated,481.400000,0.100000,4,6,10,44,560,720,950,1300,14000,21000,35000,311695,5861,4,160.17297375389708,1.7451710300520062,34583.37028906681,36037.12512873161
1762464254,500,,Aggregated,485.700000,0.100000,4,6,10,44,560,720,950,1300,14000,21000,35000,312174,5861,4,160.0432368640077,1.7451710300520062,34583.37028906681,36027.934017567124
1762464255,500,,Aggregated,484.400000,0.100000,4,6,10,44,560,720,950,1300,14000,21000,35000,312661,5861,4,159.9655801172093,1.7451710300520062,34583.37028906681,36018.12844262636
1762464256,500,,Aggregated,483.300000,0.100000,4,6,10,44,560,720,950,1300,14000,21000,35000,313147,5861,4,159.84862727852476,1.7451710300520062,34583.37028906681,36005.33028258294
1762464257,500,,Aggregated,485.900000,0.100000,4,6,10,44,560,720,950,1300,14000,21000,35000,313631,5861,4,159.74107061781777,1.7451710300520062,34583.37028906681,36021.71784358051
1762464258,500,,Aggregated,486.100000,0.000000,4,6,10,44,560,720,950,1300,14000,21000,35000,314133,5861,4,159.6040728120658,1.7451710300520062,34583.37028906681,36014.35245262357
1762464259,500,,Aggregated,486.800000,0.000000,4,6,10,44,560,720,950,1300,14000,21000,35000,314551,5861,4,159.49745507332005,1.7451710300520062,34583.37028906681,36025.527625091
1762464260,500,,Aggregated,481.300000,0.000000,4,6,10,44,560,720,950,1300,14000,21000,35000,315092,5861,4,159.371206167834,1.7451710300520062,34583.37028906681,36009.89548766709
1762464261,500,,Aggregated,483.900000,0.000000,4,6,10,44,560,720,950,1300,14000,21000,35000,315552,5861,4,159.26130132227965,1.7451710300520062,34583.37028906681,36011.8902177771
1762464262,500,,Aggregated,481.900000,0.000000,4,6,10,44,560,720,950,1300,14000,21000,35000,316031,5861,4,159.11935863933462,1.7451710300520062,34583.37028906681,36009.92693438302
1762464263,500,,Aggregated,477.000000,0.000000,4,6,10,44,560,720,950,1300,14000,21000,35000,316511,5861,4,159.07518069700316,1.7451710300520062,34583.37028906681,36020.059009007586
1762464264,500,,Aggregated,477.200000,0.000000,4,6,10,44,560,720,950,1300,14000,21000,35000,316989,5861,4,158.94838871836,1.7451710300520062,34583.37028906681,36007.1581285155
1762464265,500,,Aggregated,477.500000,0.000000,4,6,10,44,560,720,950,1300,14000,21000,35000,317491,5861,4,158.81847600230657,1.7451710300520062,34583.37028906681,36002.78859873193
1762464266,500,,Aggregated,474.200000,0.000000,4,6,10,44,560,720,940,1300,14000,21000,35000,317936,5861,4,158.74236233188364,1.7451710300520062,34583.37028906681,36013.08168310604
1762464267,500,,Aggregated,473.100000,0.000000,4,6,10,44,560,720,940,1300,14000,21000,35000,318440,5861,4,158.6206587913877,1.7451710300520062,34583.37028906681,36007.39576058284
1762464268,500,,Aggregated,473.600000,0.000000,4,6,10,44,560,720,940,1300,14000,21000,35000,318948,5861,4,158.51961927744156,1.7451710300520062,34583.37028906681,36008.3601213991
1762464269,500,,Aggregated,476.200000,0.000000,4,6,10,44,560,720,940,1300,14000,21000,35000,319389,5861,4,158.40166533029236,1.7451710300520062,34583.37028906681,36007.770752906334
1762464270,500,,Aggregated,472.500000,0.000000,4,6,10,44,560,720,940,1300,14000,21000,35000,319866,5861,4,158.29574598143049,1.7451710300520062,34583.37028906681,36002.723840608254
1762464271,500,,Aggregated,474.400000,0.000000,4,6,10,44,560,720,940,1300,14000,21000,35000,320387,5861,4,158.18155463787403,1.7451710300520062,34583.37028906681,36003.91291157257
1762464272,500,,Aggregated,473.300000,0.000000,4,6,10,44,560,720,940,1300,14000,21000,35000,320889,5861,4,158.08973490248687,1.7451710300520062,34583.37028906681,35997.888970952576
1762464273,500,,Aggregated,478.600000,0.000000,4,6,10,44,560,720,940,1300,14000,21000,35000,321367,5861,4,158.02793006733654,1.7451710300520062,34583.37028906681,35995.64770807208
1762464274,500,,Aggregated,477.000000,0.000000,4,6,10,44,560,720,940,1300,14000,21000,35000,321849,5861,4,157.93662649747907,1.7451710300520062,34583.37028906681,36002.1946689286
1762464275,500,,Aggregated,479.400000,0.000000,4,6,10,44,560,720,940,1300,14000,21000,35000,322346,5861,4,157.8127262428477,1.7451710300520062,34583.37028906681,36003.33034379208
1762464276,500,,Aggregated,483.600000,0.000000,4,6,10,44,560,720,940,1300,14000,21000,35000,322809,5861,4,157.68150831538668,1.7451710300520062,34583.37028906681,35998.46818707037
1762464277,500,,Aggregated,483.800000,0.000000,4,6,10,44,560,720,940,1300,14000,21000,35000,323304,5861,4,157.5900375071765,1.7451710300520062,34583.37028906681,35991.669144211024
1762464278,500,,Aggregated,485.500000,0.000000,4,6,9,44,560,720,940,1300,14000,21000,35000,323822,5861,4,157.49498018346975,1.7451710300520062,34583.37028906681,36001.67999085918
1762464279,500,,Aggregated,483.900000,0.000000,4,6,9,44,560,720,940,1300,14000,21000,35000,324287,5861,4,157.37558076723758,1.7451710300520062,34583.37028906681,35998.49874648074
1762464280,500,,Aggregated,486.100000,0.000000,4,6,9,44,560,720,940,1300,14000,21000,35000,324796,5861,4,157.26242369897844,1.7451710300520062,34583.37028906681,35990.408702693385
1762464281,500,,Aggregated,482.200000,0.000000,4,6,9,44,560,720,940,1300,14000,21000,35000,325330,5861,4,157.1576784413716,1.7451710300520062,34583.37028906681,35984.467488396396
1762464282,500,,Aggregated,486.300000,0.000000,4,6,9,44,560,720,940,1300,14000,21000,35000,325849,5861,4,157.03113673550402,1.7451710300520062,34583.37028906681,35978.701788251616
1762464283,500,,Aggregated,485.400000,0.000000,4,6,9,44,560,720,940,1300,14000,21000,35000,326338,5861,4,156.91643624353355,1.7451710300520062,34583.37028906681,35974.25402190367
1762464284,500,,Aggregated,492.600000,0.000000,4,6,9,44,560,720,940,1300,14000,21000,35000,326821,5861,4,156.8111632096129,1.7451710300520062,34583.37028906681,35974.187273767595
1762464285,500,,Aggregated,489.800000,0.000000,4,6,9,44,560,720,940,1300,14000,21000,35000,327305,5861,4,156.70298510983207,1.7451710300520062,34583.37028906681,35974.43706023434
1762464286,500,,Aggregated,491.200000,0.000000,4,6,9,44,560,720,940,1300,14000,21000,35000,327776,5861,4,156.6228607668479,1.7451710300520062,34583.37028906681,35975.170775163526
1762464287,500,,Aggregated,488.600000,0.000000,4,6,9,44,550,720,940,1300,13000,21000,35000,328290,5861,4,156.49690656802755,1.7451710300520062,34583.37028906681,35968.24970605258
1762464288,500,,Aggregated,487.900000,0.000000,4,6,9,44,550,720,940,1300,13000,21000,35000,328756,5861,4,156.40214274351248,1.7451710300520062,34583.37028906681,35967.26239521104
1762464289,500,,Aggregated,486.300000,0.000000,4,6,9,44,550,720,940,1300,13000,21000,35000,329258,5861,4,156.28182090821997,1.7451710300520062,34583.37028906681,35953.6711211269
1762464290,500,,Aggregated,489.200000,0.000000,4,6,9,44,550,720,940,1300,13000,21000,35000,329689,5861,4,156.18288736095647,1.7451710300520062,34583.37028906681,35951.285098987224
1762464291,500,,Aggregated,489.900000,0.000000,4,6,9,44,550,720,940,1300,13000,21000,35000,330207,5861,4,156.0589530472799,1.7451710300520062,34583.37028906681,35946.911725069425
1762464292,500,,Aggregated,487.400000,0.000000,4,6,9,44,550,720,940,1300,13000,21000,35000,330659,5861,4,155.92988759159726,1.7451710300520062,34583.37028906681,35946.863049244086
1762464293,500,,Aggregated,482.100000,0.000000,4,6,9,44,550,720,940,1300,13000,21000,35000,331142,5861,4,155.89620895634064,1.7451710300520062,34583.37028906681,35947.3777805292
1762464294,500,,Aggregated,481.700000,0.000000,4,6,9,44,550,720,940,1300,13000,21000,35000,331632,5861,4,155.81943639423494,1.7451710300520062,34583.37028906681,35944.11853801805
1762464295,500,,Aggregated,480.100000,0.000000,4,6,9,44,550,720,940,1300,13000,21000,35000,332092,5861,4,155.7636811721607,1.7451710300520062,34583.37028906681,35941.22696120352
1762464296,500,,Aggregated,474.200000,0.000000,4,6,9,44,550,720,940,1300,13000,21000,35000,332592,5861,4,155.84894187615043,1.7451710300520062,34583.37028906681,35947.49252537644
1762464297,500,,Aggregated,472.300000,0.000000,4,6,9,44,550,720,940,1300,13000,21000,35000,333029,5861,4,155.84603661303296,1.7451710300520062,34583.37028906681,35945.43938515865
1762464298,500,,Aggregated,473.200000,0.000000,4,6,9,44,550,720,940,1300,13000,21000,35000,333519,5861,4,155.80196845918636,1.7451710300520062,34583.37028906681,35946.29949718007
1762464299,500,,Aggregated,477.200000,0.000000,4,6,9,44,550,720,940,1300,13000,21000,35000,334005,5861,4,155.74258593368364,1.7451710300520062,34583.37028906681,35947.32319875451
1762464300,500,,Aggregated,466.100000,0.000000,4,6,9,44,550,720,940,1300,13000,21000,35000,334490,5861,4,155.69606909632475,1.7451710300520062,34583.37028906681,35949.14627044157
1762464301,500,,Aggregated,475.000000,0.000000,4,6,9,44,550,720,940,1300,13000,21000,35000,334990,5861,4,155.61800840993058,1.7451710300520062,34583.37028906681,35933.794722230516
1762464302,500,,Aggregated,471.500000,0.000000,4,6,9,44,550,720,940,1300,13000,21000,35000,335434,5861,4,155.55502755245743,1.7451710300520062,34583.37028906681,35932.28822361478
1762464303,500,,Aggregated,475.300000,0.000000,4,6,9,44,550,720,940,1300,13000,21000,35000,335913,5861,4,155.4589047964869,1.7451710300520062,34583.37028906681,35934.387859356444
1762464304,500,,Aggregated,471.300000,0.000000,4,6,9,44,550,720,940,1300,13000,21000,35000,336346,5861,4,155.3928066413619,1.7451710300520062,34583.37028906681,35944.49843613422
1762464305,500,,Aggregated,468.800000,0.000000,4,6,9,44,550,720,940,1300,13000,21000,35000,336869,5861,4,155.27541828364048,1.7451710300520062,34583.37028906681,35930.234141461515
1762464306,500,,Aggregated,470.500000,0.000000,4,6,9,44,550,720,940,1300,13000,21000,35000,337329,5861,4,155.20791742643266,1.7451710300520062,34583.37028906681,35931.72881074559
1762464307,500,,Aggregated,471.800000,0.000000,4,6,9,44,550,720,940,1300,13000,21000,35000,337896,5861,4,155.12471198269637,1.7451710300520062,34583.37028906681,35925.11585813386
1762464308,500,,Aggregated,471.700000,0.000000,4,6,9,44,550,710,930,1200,13000,21000,35000,338347,5861,4,155.00947246709896,1.7451710300520062,34583.37028906681,35925.6772337275
1762464309,500,,Aggregated,469.000000,0.000000,4,6,9,44,550,710,930,1200,13000,21000,35000,338849,5861,4,154.94933067805454,1.7451710300520062,34583.37028906681,35922.50449905415
1762464310,500,,Aggregated,479.200000,0.000000,4,6,9,44,550,720,930,1200,13000,21000,35000,339263,5861,4,154.9339944847356,1.7451710300520062,34583.37028906681,35924.68543873043
1762464311,500,,Aggregated,471.100000,0.000000,4,6,9,44,550,710,930,1200,13000,21000,35000,339785,5861,4,154.82255512407974,1.7451710300520062,34583.37028906681,35915.99254822903
1762464312,500,,Aggregated,476.700000,0.000000,4,6,9,44,550,710,930,1200,13000,21000,35000,340306,5861,4,154.70612677879726,1.7451710300520062,34583.37028906681,35898.80974475913
1762464313,500,,Aggregated,470.900000,0.000000,4,6,9,44,550,710,930,1200,13000,21000,35000,340771,5861,4,154.64647121482807,1.7451710300520062,34583.37028906681,35900.91494581405
1762464314,500,,Aggregated,473.900000,0.000000,4,6,9,44,550,710,930,1200,13000,21000,35000,341244,5861,4,154.5375838590352,1.7451710300520062,34583.37028906681,35887.47107641453
1762464315,500,,Aggregated,479.200000,0.000000,4,6,9,44,550,710,930,1200,13000,21000,35000,341727,5862,4,154.445968407114,1.7451710300520062,34583.37028906681,35882.1787655058
1762464317,500,,Aggregated,481.100000,0.000000,4,6,9,44,550,710,930,1200,13000,21000,35000,342224,5862,4,154.35970369169232,1.7451710300520062,34583.37028906681,35887.872834751506
1762464318,500,,Aggregated,480.000000,0.100000,4,6,9,44,550,710,930,1200,13000,21000,35000,342708,5862,4,154.3149351664764,1.7451710300520062,34583.37028906681,35889.35100435356
1762464319,500,,Aggregated,480.500000,0.100000,4,6,9,44,550,710,930,1200,13000,21000,35000,343153,5862,4,154.247658146099,1.7451710300520062,34583.37028906681,35883.66442665517
1762464320,500,,Aggregated,478.300000,0.100000,4,6,9,44,550,710,930,1200,13000,21000,35000,343712,5862,4,154.1637630082142,1.7451710300520062,34583.37028906681,35884.79555558142
1762464321,500,,Aggregated,476.800000,0.100000,4,6,9,44,550,710,930,1200,13000,21000,35000,344132,5862,4,154.11279571889398,1.7451710300520062,34583.37028906681,35882.33639708019
1762464322,500,,Aggregated,482.000000,0.100000,4,6,9,44,550,710,930,1200,13000,21000,35000,344672,5862,4,154.091507885427,1.7451710300520062,34583.37028906681,35883.341922175285
1762464323,500,,Aggregated,479.600000,0.100000,4,6,9,44,550,710,930,1200,13000,21000,35000,345104,5862,4,154.04234103280066,1.7451710300520062,34583.37028906681,35880.800152997355
1762464324,500,,Aggregated,482.800000,0.100000,4,6,9,44,550,710,930,1200,13000,21000,35000,345666,5862,4,153.90399908018847,1.7451710300520062,34583.37028906681,35872.306634149725
1762464325,500,,Aggregated,474.800000,0.100000,4,6,9,44,550,710,930,1200,13000,21000,35000,346098,5862,4,153.84078046448326,1.7451710300520062,34583.37028906681,35879.49674658623
1762464326,500,,Aggregated,483.000000,0.100000,4,6,9,44,550,710,930,1200,13000,21000,35000,346565,5863,4,153.78528701560182,1.7451710300520062,34583.37028906681,35870.011824621644
1762464327,500,,Aggregated,479.000000,0.100000,4,6,9,44,550,710,930,1200,13000,21000,35000,347042,5863,4,153.69217759180967,1.7451710300520062,34583.37028906681,35865.26373464883
1762464328,500,,Aggregated,477.700000,0.100000,4,6,9,44,550,710,930,1200,13000,21000,35000,347513,5863,4,153.6577323511687,1.7451710300520062,34583.37028906681,35869.912060843766
1762464329,500,,Aggregated,475.300000,0.100000,4,6,9,44,550,710,930,1200,13000,21000,35000,347964,5863,4,153.61249867271016,1.7451710300520062,34583.37028906681,35873.552462323685
1762464330,500,,Aggregated,471.700000,0.100000,4,6,9,44,550,710,930,1200,13000,21000,35000,348480,5863,4,153.5284148759292,1.7451710300520062,34583.37028906681,35871.55214359504
1762464331,500,,Aggregated,472.300000,0.100000,4,6,9,44,550,710,930,1200,13000,21000,35000,348981,5863,4,153.44472753756096,1.7451710300520062,34583.37028906681,35869.00721529252
1762464332,500,,Aggregated,468.100000,0.100000,4,6,9,44,550,710,930,1200,13000,21000,35000,349409,5863,4,153.3909308372265,1.7451710300520062,34583.37028906681,35875.13155356616
1762464333,500,,Aggregated,478.300000,0.100000,4,6,9,44,550,710,930,1200,13000,21000,35000,349953,5863,4,153.26889615348261,1.7451710300520062,34583.37028906681,35869.715710395394
1762464334,500,,Aggregated,466.600000,0.100000,4,6,9,44,550,710,930,1200,13000,21000,35000,350411,5863,4,153.17843284313363,1.7451710300520062,34583.37028906681,35866.154367300114
1762464335,500,,Aggregated,477.200000,0.100000,4,6,9,44,550,710,930,1200,13000,21000,35000,350878,5863,4,153.10715056298412,1.7451710300520062,34583.37028906681,35864.075838325574
1762464336,500,,Aggregated,470.700000,0.100000,4,6,9,44,550,710,930,1200,13000,21000,35000,351379,5863,4,153.00671746224464,1.7451710300520062,34583.37028906681,35864.93528355422
1762464337,500,,Aggregated,471.500000,0.100000,4,6,9,44,550,710,930,1200,13000,21000,35000,351832,5863,4,152.93793477594588,1.7451710300520062,34583.37028906681,35861.99598387867
1762464338,500,,Aggregated,475.500000,0.000000,4,6,9,44,550,710,930,1200,13000,21000,35000,352293,5863,4,152.89130494103003,1.7451710300520062,34583.37028906681,35863.07473324761
1762464339,500,,Aggregated,474.700000,0.000000,4,6,9,44,550,710,930,1200,13000,21000,35000,352766,5863,4,152.7942954916568,1.7451710300520062,34583.37028906681,35856.712937187825
1762464340,500,,Aggregated,470.700000,0.000000,4,6,9,44,550,710,930,1200,13000,21000,35000,353261,5863,4,152.70999577881787,1.7451710300520062,34583.37028906681,35850.69127359091
1762464341,500,,Aggregated,480.600000,0.000000,4,6,9,44,550,710,930,1200,13000,21000,35000,353764,5863,4,152.61268220375902,1.7451710300520062,34583.37028906681,35850.64501192886
1762464342,500,,Aggregated,475.700000,0.000000,4,6,9,44,550,710,930,1200,13000,21000,35000,354259,5863,4,152.58594144700723,1.7451710300520062,34583.37028906681,35850.30199938463
1762464343,500,,Aggregated,469.800000,0.000000,4,6,9,44,550,710,930,1200,13000,21000,35000,354755,5863,4,152.48616027779707,1.7451710300520062,34583.37028906681,35849.8624656453
1762464344,500,,Aggregated,480.400000,0.000000,4,6,9,44,550,710,930,1200,13000,21000,35000,355214,5863,4,152.42311059976691,1.7451710300520062,34583.37028906681,35849.82582330651
1762464345,500,,Aggregated,476.800000,0.000000,4,6,9,44,550,710,930,1200,13000,21000,35000,355695,5863,4,152.35204043145575,1.7451710300520062,34583.37028906681,35841.309062539534
1762464346,500,,Aggregated,472.100000,0.000000,4,6,9,44,550,710,930,1200,13000,21000,35000,356184,5864,4,152.29616873698058,1.7451710300520062,34583.37028906681,35845.60680434832
1762464347,500,,Aggregated,477.700000,0.000000,4,6,9,44,550,710,930,1200,13000,21000,35000,356713,5864,4,152.17390201340314,1.7451710300520062,34583.37028906681,35845.15209706403
1762464348,500,,Aggregated,475.900000,0.000000,4,6,9,44,550,710,930,1200,13000,21000,35000,357185,5864,4,152.0951153000532,1.7451710300520062,34583.37028906681,35844.472139087586
1762464349,500,,Aggregated,477.500000,0.100000,4,6,9,44,550,710,930,1200,13000,21000,35000,357609,5864,4,152.03390579836892,1.7451710300520062,34583.37028906681,35848.76498354348
1762464350,500,,Aggregated,487.400000,0.100000,4,6,9,44,550,710,930,1200,13000,21000,35000,358172,5864,4,151.90598907044068,1.7451710300520062,34583.37028906681,35843.06333270049
1762464351,500,,Aggregated,478.600000,0.100000,4,6,9,44,550,710,930,1200,13000,21000,35000,358602,5864,4,151.86012992701737,1.7451710300520062,34583.37028906681,35847.5531508469
1762464352,500,,Aggregated,482.500000,0.100000,4,6,9,44,550,710,930,1200,13000,21000,35000,359156,5864,4,151.7539098006877,1.7451710300520062,34583.37028906681,35838.352927418724
1762464353,500,,Aggregated,482.900000,0.100000,4,6,9,44,550,710,930,1200,13000,21000,35000,359633,5864,4,151.6781025425163,1.7451710300520062,34583.37028906681,35851.67568604661
1762464354,500,,Aggregated,479.200000,0.100000,4,6,9,44,550,710,930,1200,13000,21000,35000,360090,5864,4,151.58301326513407,1.7451710300520062,34583.37028906681,35852.851959232416
1762464355,500,,Aggregated,479.100000,0.100000,4,6,9,44,550,710,930,1200,13000,21000,35000,360574,5864,4,151.5132181765525,1.7451710300520062,34583.37028906681,35846.13870939114
1762464356,500,,Aggregated,486.500000,0.100000,4,6,9,44,550,710,930,1200,13000,21000,35000,361056,5864,4,151.4550387233871,1.7451710300520062,34583.37028906681,35846.203389501905
1762464357,500,,Aggregated,484.200000,0.100000,4,6,9,44,550,710,930,1200,13000,21000,35000,361577,5864,4,151.363182081909,1.7451710300520062,34583.37028906681,35840.68266786881
1762464358,500,,Aggregated,476.900000,0.100000,4,6,9,44,550,710,930,1200,13000,21000,35000,362082,5864,4,151.28144743322687,1.7451710300520062,34583.37028906681,35842.55101054457
1762464359,500,,Aggregated,477.600000,0.000000,4,6,9,44,550,710,930,1200,13000,21000,35000,362543,5864,4,151.2015386595634,1.7451710300520062,34583.37028906681,35842.23651539266
1762464360,500,,Aggregated,480.300000,0.000000,4,6,9,44,550,710,930,1200,13000,21000,35000,363038,5865,4,151.1029612069628,1.7451710300520062,34583.37028906681,35838.39463912869
1762464361,500,,Aggregated,484.700000,0.000000,4,6,9,44,550,710,930,1200,13000,21000,35000,363525,5865,4,151.04589709884777,1.7451710300520062,34583.37028906681,35832.06770373427
1762464362,500,,Aggregated,479.900000,0.000000,4,6,9,44,550,710,930,1200,13000,21000,35000,364017,5865,4,150.95918475646366,1.7451710300520062,34583.37028906681,35835.94103572086
1762464363,500,,Aggregated,486.200000,0.100000,4,6,9,44,550,710,930,1200,13000,21000,35000,364512,5865,4,150.89702156292844,1.7451710300520062,34583.37028906681,35837.93840531999
1762464364,500,,Aggregated,484.000000,0.100000,4,6,9,44,550,710,930,1200,13000,21000,35000,365011,5865,4,150.79157191002946,1.7451710300520062,34583.37028906681,35839.25274580766
1762464365,500,,Aggregated,482.800000,0.100000,4,6,9,44,550,710,930,1200,13000,21000,35000,365454,5865,4,150.728511115686,1.7451710300520062,34583.37028906681,35841.8080852857
1762464366,500,,Aggregated,479.500000,0.100000,4,6,9,44,550,710,930,1200,13000,21000,35000,365926,5865,4,150.6600173372867,1.7451710300520062,34583.37028906681,35841.53186163323
1762464367,500,,Aggregated,480.200000,0.100000,4,6,9,44,550,710,930,1200,13000,21000,35000,366426,5865,4,150.60109114341324,1.7451710300520062,34583.37028906681,35832.34455524444
1762464368,500,,Aggregated,484.500000,0.100000,4,6,9,44,550,710,920,1200,13000,21000,35000,366922,5865,4,150.5097412831202,1.7451710300520062,34583.37028906681,35828.02972021302
1762464369,500,,Aggregated,489.600000,0.100000,4,6,9,44,550,710,920,1200,13000,21000,35000,367382,5865,4,150.4234331817105,1.7451710300520062,34583.37028906681,35822.81725560861
1762464370,500,,Aggregated,481.200000,0.100000,4,6,9,43,550,710,920,1200,13000,21000,35000,367886,5865,4,150.35285122706082,1.7451710300520062,34583.37028906681,35823.614467525265
1762464371,500,,Aggregated,479.800000,0.100000,4,6,9,43,550,710,920,1200,13000,21000,35000,368386,5865,4,150.25858317790141,1.7451710300520062,34583.37028906681,35816.941045533764
1762464372,500,,Aggregated,478.900000,0.100000,4,6,9,43,550,710,920,1200,13000,21000,35000,368802,5865,4,150.1987082848771,1.7451710300520062,34583.37028906681,35815.03805293897
1762464373,500,,Aggregated,480.900000,0.000000,4,6,9,43,550,710,920,1200,13000,21000,35000,369367,5865,4,150.10952804828358,1.7451710300520062,34583.37028906681,35815.76184932601
1762464374,500,,Aggregated,481.700000,0.000000,4,6,9,43,550,710,920,1200,13000,21000,35000,369813,5865,4,150.03332141470685,1.7451710300520062,34583.37028906681,35812.80211620468
1762464375,500,,Aggregated,475.100000,0.000000,4,6,9,43,550,710,920,1200,13000,20000,35000,370351,5865,4,149.94606908530062,1.7451710300520062,34583.37028906681,35827.430037990984
1762464376,500,,Aggregated,479.400000,0.000000,4,6,9,43,550,710,920,1200,13000,20000,35000,370772,5865,4,149.87035963943555,1.7451710300520062,34583.37028906681,35818.38165773036
1762464377,500,,Aggregated,481.100000,0.000000,4,6,9,43,550,710,920,1200,13000,20000,35000,371294,5865,4,149.77787486933596,1.7451710300520062,34583.37028906681,35818.44434598997
1762464378,500,,Aggregated,488.600000,0.000000,4,6,9,43,550,710,920,1200,13000,20000,35000,371758,5865,4,149.71380126938985,1.7451710300520062,34583.37028906681,35823.13111755497
1762464379,500,,Aggregated,471.700000,0.000000,4,6,9,43,550,710,920,1200,13000,20000,35000,372231,5865,4,149.6296883889832,1.7451710300520062,34583.37028906681,35821.775491563036
1762464380,500,,Aggregated,480.200000,0.000000,4,6,9,43,550,710,920,1200,13000,20000,35000,372734,5865,4,149.54188953970908,1.7451710300520062,34583.37028906681,35825.03373719596
1762464381,500,,Aggregated,477.300000,0.000000,4,6,9,43,550,710,920,1200,13000,20000,35000,373275,5865,4,149.42778122298074,1.7451710300520062,34583.37028906681,35825.243522871875
1762464382,500,,Aggregated,481.900000,0.000000,4,6,9,43,550,710,920,1200,13000,20000,35000,373732,5865,4,149.38403735416028,1.7451710300520062,34583.37028906681,35820.640822835616
1762464383,500,,Aggregated,478.600000,0.000000,4,6,9,43,550,710,920,1200,13000,20000,35000,374250,5865,4,149.3310782456654,1.7451710300520062,34583.37028906681,35813.66350567802
1762464384,500,,Aggregated,481.600000,0.000000,4,6,9,43,550,710,920,1200,13000,20000,35000,374706,5865,4,149.2720433495163,1.7451710300520062,34583.37028906681,35817.76064167641
1762464385,500,,Aggregated,484.900000,0.000000,4,6,9,43,550,710,920,1200,13000,20000,35000,375211,5865,4,149.17812026618316,1.7451710300520062,34583.37028906681,35811.63356351493
1762464386,500,,Aggregated,483.900000,0.000000,4,6,9,43,550,710,920,1200,13000,20000,35000,375691,5865,4,149.09659102714173,1.7451710300520062,34583.37028906681,35812.7610562936
1762464387,500,,Aggregated,482.700000,0.000000,4,6,9,43,550,710,920,1200,13000,20000,35000,376218,5865,4,149.02140994825942,1.7451710300520062,34583.37028906681,35815.06090617674
1762464388,500,,Aggregated,476.900000,0.000000,4,6,9,43,550,710,920,1200,13000,20000,35000,376693,5865,4,148.96131516112845,1.7451710300520062,34583.37028906681,35811.559046756905
1762464389,500,,Aggregated,490.400000,0.000000,4,6,9,43,550,710,920,1200,13000,20000,35000,377165,5865,4,148.88091252172762,1.7451710300520062,34583.37028906681,35814.67114127769
1762464390,500,,Aggregated,486.200000,0.000000,4,6,9,43,550,710,920,1200,13000,20000,35000,377628,5865,4,148.8108715193669,1.7451710300520062,34583.37028906681,35821.94384420647
1762464391,500,,Aggregated,492.400000,0.000000,4,6,9,43,550,710,920,1200,13000,20000,35000,378103,5865,4,148.74088803633532,1.7451710300520062,34583.37028906681,35822.645244814245
1762464392,500,,Aggregated,485.600000,0.000000,4,6,9,43,550,710,920,1200,13000,20000,35000,378588,5865,4,148.6637103420644,1.7451710300520062,34583.37028906681,35822.066713683475
1762464393,500,,Aggregated,480.800000,0.000000,4,6,9,43,550,710,920,1200,13000,20000,35000,379087,5865,4,148.58460943629933,1.7451710300520062,34583.37028906681,35819.436208574814
1762464394,500,,Aggregated,477.800000,0.000000,4,6,9,43,550,710,920,1200,13000,20000,35000,379549,5865,4,148.50330536834707,1.7451710300520062,34583.37028906681,35825.95715704692
1762464395,500,,Aggregated,481.600000,0.000000,4,6,9,43,550,710,920,1200,13000,20000,35000,380051,5865,4,148.42013494035407,1.7451710300520062,34583.37028906681,35819.69891409311
1762464396,500,,Aggregated,479.700000,0.000000,4,6,9,43,550,710,920,1200,13000,20000,35000,380546,5865,4,148.35713916635174,1.7451710300520062,34583.37028906681,35819.17144050916
1762464397,500,,Aggregated,477.700000,0.000000,4,6,9,43,550,710,920,1200,13000,20000,35000,381003,5865,4,148.31053390828106,1.7451710300520062,34583.37028906681,35822.988771741955
1762464398,500,,Aggregated,479.200000,0.000000,4,6,9,43,550,710,920,1200,13000,20000,35000,381482,5865,4,148.21438883512468,1.7451710300520062,34583.37028906681,35815.78082058918
1762464399,500,,Aggregated,478.400000,0.000000,4,6,9,43,550,710,920,1200,13000,20000,35000,381995,5865,4,148.13750161319555,1.7451710300520062,34583.37028906681,35812.43501092946
1762464400,500,,Aggregated,473.600000,0.000000,4,6,9,43,550,710,920,1200,13000,20000,35000,382489,5865,4,148.07437808971403,1.7451710300520062,34583.37028906681,35817.14799118406
1762464401,500,,Aggregated,470.400000,0.000000,4,6,9,43,550,710,920,1200,13000,20000,35000,382921,5865,4,148.01100378902478,1.7451710300520062,34583.37028906681,35821.65943889209
1762464403,500,,Aggregated,481.100000,0.000000,4,6,9,43,550,710,920,1200,13000,20000,35000,383443,5865,4,147.96502402887398,1.7451710300520062,34583.37028906681,35820.11700565664
1762464404,500,,Aggregated,477.500000,0.000000,4,6,9,43,550,710,920,1200,13000,20000,35000,383919,5865,4,147.90347976793757,1.7451710300520062,34583.37028906681,35821.7939226764
1762464405,500,,Aggregated,479.500000,0.000000,4,6,9,43,550,710,920,1200,13000,20000,35000,384381,5865,4,147.83908968641168,1.7451710300520062,34583.37028906681,35832.47552038212
1762464406,500,,Aggregated,477.700000,0.000000,4,6,9,43,550,710,920,1200,13000,20000,35000,384892,5865,4,147.7973961468899,1.7451710300520062,34583.37028906681,35824.70150068071
1762464407,500,,Aggregated,477.200000,0.000000,4,6,9,43,550,710,920,1200,13000,20000,35000,385330,5865,4,147.72532740329146,1.7451710300520062,34583.37028906681,35824.06361560221
1762464408,500,,Aggregated,480.200000,0.000000,4,6,9,43,550,710,920,1200,13000,20000,35000,385841,5865,4,147.6437853164291,1.7451710300520062,34583.37028906681,35824.147882158715
1762464409,500,,Aggregated,474.100000,0.000000,4,6,9,43,550,710,920,1200,13000,20000,35000,386270,5865,4,147.5940211925519,1.7451710300520062,34583.37028906681,35826.74409350972
1762464410,500,,Aggregated,478.300000,0.000000,4,6,9,43,550,710,920,1200,13000,20000,35000,386761,5865,4,147.51143504825166,1.7451710300520062,34583.37028906681,35826.21790459741
1762464411,500,,Aggregated,475.500000,0.000000,4,6,9,43,550,710,920,1200,13000,20000,35000,387289,5865,4,147.42279296406818,1.7451710300520062,34583.37028906681,35819.40183170707
1762464412,500,,Aggregated,471.400000,0.000000,4,6,9,42,550,710,920,1200,13000,20000,35000,387736,5865,4,147.35219829979818,1.7451710300520062,34583.37028906681,35822.372103699425
1762464413,500,,Aggregated,476.000000,0.000000,4,6,9,42,550,710,920,1200,13000,20000,35000,388282,5865,4,147.27080814684592,1.7451710300520062,34583.37028906681,35819.97771722614
1762464414,500,,Aggregated,476.200000,0.000000,4,6,9,42,550,710,920,1200,13000,20000,35000,388746,5865,4,147.21588304821182,1.7451710300520062,34583.37028906681,35823.800067396194
1762464415,500,,Aggregated,477.700000,0.000000,4,6,9,42,550,710,920,1200,13000,20000,35000,389215,5865,4,147.1414084634482,1.7451710300520062,34583.37028906681,35819.33659545495
1762464416,500,,Aggregated,477.300000,0.000000,4,6,9,42,550,710,920,1200,13000,20000,35000,389649,5865,4,147.0588938687066,1.7451710300520062,34583.37028906681,35823.4389565994
1762464417,500,,Aggregated,480.200000,0.000000,4,6,9,42,550,710,920,1200,13000,20000,35000,390197,5865,4,146.99510312921998,1.7451710300520062,34583.37028906681,35824.785544225095
1762464418,500,,Aggregated,471.000000,0.000000,4,6,9,42,550,710,920,1200,13000,20000,35000,390770,5865,4,146.8998358556934,1.7451710300520062,34583.37028906681,35821.375778590984
1762464419,500,,Aggregated,482.500000,0.000000,4,6,9,42,550,710,920,1200,13000,20000,35000,391174,5865,4,146.86179833131467,1.7451710300520062,34583.37028906681,35822.40146328744
1762464420,500,,Aggregated,485.400000,0.000000,4,6,9,42,550,710,920,1200,13000,20000,35000,391654,5865,4,146.79454188580416,1.7451710300520062,34583.37028906681,35822.57342450224
1762464421,500,,Aggregated,483.300000,0.000000,4,6,9,42,550,710,920,1200,13000,20000,35000,392130,5865,4,146.7386265142882,1.7451710300520062,34583.37028906681,35818.519133960675
1762464422,500,,Aggregated,484.300000,0.000000,4,6,9,42,550,710,920,1200,13000,20000,35000,392609,5865,4,146.67417950366888,1.7451710300520062,34583.37028906681,35814.30647285213
1762464423,500,,Aggregated,479.100000,0.000000,4,6,9,42,550,710,920,1200,13000,20000,35000,393079,5865,4,146.60455269027187,1.7451710300520062,34583.37028906681,35810.630695102
1762464424,500,,Aggregated,477.700000,0.000000,4,6,9,42,550,710,920,1200,13000,20000,35000,393621,5865,4,146.52648085496457,1.7451710300520062,34583.37028906681,35796.732819133125
1762464425,500,,Aggregated,475.400000,0.000000,4,6,9,42,550,710,920,1200,13000,20000,35000,394066,5865,4,146.48525120829612,1.7451710300520062,34583.37028906681,35793.60870767841
1762464426,500,,Aggregated,484.200000,0.000000,4,6,9,42,550,710,920,1200,13000,20000,35000,394578,5865,4,146.43871117940347,1.7451710300520062,34583.37028906681,35796.79831871011
1762464427,500,,Aggregated,482.700000,0.000000,4,6,9,42,550,710,920,1200,13000,20000,35000,395006,5865,4,146.37591669499358,1.7451710300520062,34583.37028906681,35795.67595682091
1762464428,500,,Aggregated,482.800000,0.000000,4,6,9,42,550,710,920,1200,13000,20000,35000,395502,5865,4,146.3438487271572,1.7451710300520062,34583.37028906681,35799.24690140632
1762464429,500,,Aggregated,475.100000,0.000000,4,6,9,42,550,710,920,1200,13000,20000,35000,395942,5865,4,146.29323881842865,1.7451710300520062,34583.37028906681,35799.91416924701
1762464430,500,,Aggregated,470.100000,0.000000,4,6,9,41,550,710,920,1200,13000,20000,35000,396440,5865,4,146.19798657908188,1.7451710300520062,34583.37028906681,35796.60911865604
1762464431,500,,Aggregated,474.800000,0.000000,4,6,9,41,550,710,910,1200,13000,20000,35000,396946,5866,4,146.1242131408785,1.7451710300520062,34583.37028906681,35796.126294256646
1762464432,500,,Aggregated,473.600000,0.000000,4,6,9,41,550,710,910,1200,13000,20000,35000,397441,5866,4,146.07688653736992,1.7451710300520062,34583.37028906681,35794.35707186727
1762464433,500,,Aggregated,474.900000,0.100000,4,6,9,41,550,710,910,1200,13000,20000,35000,397889,5866,4,145.99161710446347,1.7451710300520062,34583.37028906681,35791.57024446516
1762464434,500,,Aggregated,482.400000,0.100000,4,6,9,41,550,710,910,1200,13000,20000,35000,398398,5866,4,145.90562679560122,1.7451710300520062,34583.37028906681,35786.33398762042
1762464435,500,,Aggregated,477.400000,0.100000,4,6,9,41,550,710,910,1200,13000,20000,35000,398883,5866,4,145.8554903460219,1.7451710300520062,34583.37028906681,35784.27169119767
1762464436,500,,Aggregated,471.500000,0.100000,4,6,9,41,550,710,910,1200,12000,20000,35000,399333,5866,4,145.8029701870375,1.7451710300520062,34583.37028906681,35775.30680409583
1762464437,500,,Aggregated,467.000000,0.100000,4,6,9,41,550,710,910,1200,12000,20000,35000,399837,5866,4,145.72327950810995,1.7451710300520062,34583.37028906681,35765.263147232494
1762464438,500,,Aggregated,475.500000,0.100000,4,6,9,41,550,710,910,1100,12000,20000,35000,400321,5867,4,145.66058494413102,1.7451710300520062,34583.37028906681,35764.81194091741
1762464439,500,,Aggregated,476.000000,0.100000,4,6,9,41,550,710,910,1200,12000,20000,35000,400794,5867,4,145.635139501226,1.7451710300520062,34583.37028906681,35766.58391343184
1762464440,500,,Aggregated,480.000000,0.100000,4,6,9,40,550,710,910,1100,12000,20000,35000,401312,5867,4,145.57210679407052,1.7451710300520062,34583.37028906681,35761.86599204609
1762464441,500,,Aggregated,480.300000,0.200000,4,6,9,40,550,710,910,1200,12000,20000,35000,401793,5867,4,145.57865770689085,1.7451710300520062,34583.37028906681,35764.77332108822
1762464442,500,,Aggregated,478.000000,0.200000,4,6,9,40,550,710,910,1100,12000,20000,35000,402272,5867,4,145.5548514258523,1.7451710300520062,34583.37028906681,35764.201463189085
1762464443,500,,Aggregated,479.900000,0.100000,4,6,9,40,550,710,910,1100,12000,20000,35000,402783,5867,4,145.50295926236538,1.7451710300520062,34583.37028906681,35764.93066986442
1762464444,500,,Aggregated,476.900000,0.100000,4,6,9,40,550,710,910,1200,12000,20000,35000,403245,5867,4,145.52968280877303,1.7451710300520062,34583.37028906681,35765.98863718087
1762464445,500,,Aggregated,478.600000,0.100000,4,6,9,40,550,710,910,1200,12000,20000,35000,403727,5867,4,145.59566289144104,1.7451710300520062,34583.37028906681,35775.02207184558
1762464446,500,,Aggregated,480.300000,0.100000,4,6,9,40,550,710,910,1200,13000,20000,35000,404220,5867,4,145.61133586804183,1.7451710300520062,34583.37028906681,35773.776304982435
1762464447,500,,Aggregated,483.500000,0.100000,4,6,9,40,550,710,910,1100,13000,20000,35000,404676,5867,4,145.53607389030844,1.7451710300520062,34583.37028906681,35771.913805118165
1762464448,500,,Aggregated,478.500000,0.100000,4,6,9,40,550,710,910,1100,12000,20000,35000,405142,5867,4,145.488764008578,1.7451710300520062,34583.37028906681,35780.987619155756
1762464449,500,,Aggregated,483.200000,0.100000,4,6,9,40,550,710,910,1100,12000,20000,35000,405651,5868,4,145.41254340736796,1.7451710300520062,34583.37028906681,35777.76311657065
1762464450,500,,Aggregated,475.500000,0.100000,4,6,9,40,550,700,910,1100,12000,20000,35000,406148,5868,4,145.3544905515392,1.7451710300520062,34583.37028906681,35768.868964022964
1762464451,500,,Aggregated,474.500000,0.000000,4,6,9,40,550,700,910,1100,12000,20000,35000,406603,5868,4,145.27977877189335,1.7451710300520062,34583.37028906681,35763.8221016569
1762464452,500,,Aggregated,480.800000,0.100000,4,6,9,40,550,700,910,1100,12000,20000,35000,407104,5868,4,145.22321039812076,1.7451710300520062,34583.37028906681,35764.287184601475
1762464453,500,,Aggregated,475.500000,0.100000,4,6,9,40,550,700,910,1100,12000,20000,35000,407589,5868,4,145.20510577123895,1.7451710300520062,34583.37028906681,35772.34114021723
1762464454,500,,Aggregated,477.900000,0.100000,4,6,9,39,550,700,910,1100,12000,20000,35000,408050,5868,4,145.12063693070112,1.7451710300520062,34583.37028906681,35767.15039333415
1762464455,500,,Aggregated,478.400000,0.100000,4,6,9,39,550,700,910,1100,12000,20000,35000,408578,5868,4,145.09591394138576,1.7451710300520062,34583.37028906681,35767.7174003495
1762464456,500,,Aggregated,475.500000,0.100000,4,6,9,39,550,700,910,1100,12000,20000,35000,409038,5869,4,145.05827813239006,1.7451710300520062,34583.37028906681,35766.90819923821
1762464457,500,,Aggregated,477.200000,0.100000,4,6,9,39,550,700,910,1100,12000,20000,35000,409513,5869,4,145.0016138435366,1.7451710300520062,34583.37028906681,35756.5718304425
1762464458,500,,Aggregated,484.900000,0.100000,4,6,9,39,550,700,910,1100,12000,20000,35000,410005,5869,4,144.9800667729211,1.7451710300520062,34583.37028906681,35751.28259411471
1762464459,500,,Aggregated,474.600000,0.200000,4,6,9,39,550,700,910,1100,12000,20000,35000,410436,5869,4,144.9657781978551,1.7451710300520062,34583.37028906681,35747.943528345466
1762464460,500,,Aggregated,477.500000,0.200000,4,6,9,39,550,700,910,1100,12000,20000,35000,410939,5869,4,144.90202039176324,1.7451710300520062,34583.37028906681,35741.15595502009
1762464461,500,,Aggregated,480.400000,0.200000,4,6,9,39,550,700,910,1100,12000,20000,35000,411434,5869,4,144.837463963331,1.7451710300520062,34583.37028906681,35741.54159111789
1762464462,500,,Aggregated,479.600000,0.100000,4,6,9,39,550,700,910,1100,12000,20000,35000,411929,5869,4,144.81905744164953,1.7451710300520062,34583.37028906681,35734.87267708756
1762464463,500,,Aggregated,475.300000,0.100000,4,6,9,39,550,700,910,1100,12000,20000,35000,412371,5869,4,144.7474968808603,1.7451710300520062,34583.37028906681,35736.32388310526
1762464464,500,,Aggregated,474.400000,0.100000,4,6,9,39,550,700,910,1100,12000,20000,35000,412868,5869,4,144.69397239538966,1.7451710300520062,34583.37028906681,35734.74461813461
1762464465,500,,Aggregated,476.400000,0.100000,4,6,9,39,550,700,910,1100,12000,20000,35000,413339,5869,4,144.6309902600993,1.7451710300520062,34583.37028906681,35735.756538821646
1762464467,500,,Aggregated,473.000000,0.100000,4,6,9,39,550,700,910,1100,12000,20000,35000,413513,5869,4,144.635714813397,1.7451710300520062,34583.37028906681,35734.53271360272
1762464468,500,,Aggregated,470.400000,0.100000,4,6,9,41,550,700,910,1200,12000,20000,35000,414422,5869,4,144.97362798831568,1.7451710300520062,34583.37028906681,35724.43237810734
1762464469,500,,Aggregated,428.400000,0.000000,4,6,9,41,550,710,920,1200,12000,20000,35000,414745,5869,4,145.0928738177091,1.7451710300520062,34583.37028906681,35733.80899347792
1762464470,500,,Aggregated,385.700000,0.000000,4,6,9,41,550,710,920,1200,12000,20000,35000,415166,5869,4,145.05411148180892,1.7451710300520062,34583.37028906681,35741.61553932644
1762464471,500,,Aggregated,425.200000,0.000000,4,6,9,41,550,710,910,1200,12000,20000,35000,415720,5869,4,145.02845230933542,1.7451710300520062,34583.37028906681,35736.00136149331
1762464472,500,,Aggregated,409.200000,0.000000,4,6,9,41,550,710,910,1200,12000,20000,35000,416164,5869,4,145.01395972662408,1.7451710300520062,34583.37028906681,35738.71210868792
1762464473,500,,Aggregated,411.000000,0.000000,4,6,9,41,550,710,910,1200,12000,20000,35000,416671,5869,4,144.92363775322008,1.7451710300520062,34583.37028906681,35733.65132922617
1762464474,500,,Aggregated,416.800000,0.000000,4,6,9,41,550,710,910,1200,12000,20000,35000,417144,5869,4,144.85657379954844,1.7451710300520062,34583.37028906681,35735.67585294287
1762464475,500,,Aggregated,412.000000,0.000000,4,6,9,41,550,710,910,1200,12000,20000,35000,417641,5869,4,144.80903072356804,1.7451710300520062,34583.37028906681,35725.72810859087
1762464477,500,,Aggregated,411.700000,0.000000,4,6,9,41,550,710,910,1200,12000,20000,35000,418121,5869,4,144.78160226535724,1.7451710300520062,34583.37028906681,35724.26115885114
1762464478,500,,Aggregated,412.900000,0.000000,4,6,9,41,550,710,910,1200,12000,20000,35000,418569,5869,4,144.75696481191474,1.7451710300520062,34583.37028906681,35733.544959134575
1762464479,500,,Aggregated,460.700000,0.000000,4,6,9,41,550,710,910,1200,12000,20000,35000,419075,5869,4,144.70555337405142,1.7451710300520062,34583.37028906681,35727.925703036446
1762464480,500,,Aggregated,501.300000,0.000000,4,6,9,41,550,710,910,1200,12000,20000,35000,419480,5869,4,144.66431862683777,1.7451710300520062,34583.37028906681,35733.484957566514
1762464481,500,,Aggregated,461.800000,0.000000,4,6,9,41,550,710,920,1200,12000,20000,35000,419988,5869,4,144.75235773631644,1.7451710300520062,34583.37028906681,35732.877010771736
1762464482,500,,Aggregated,467.900000,0.000000,4,6,9,41,550,710,920,1200,12000,20000,35000,420468,5869,4,144.69929179245906,1.7451710300520062,34583.37028906681,35723.18827829942
1762464483,500,,Aggregated,476.400000,0.000000,4,6,9,41,550,710,920,1200,12000,20000,35000,420947,5869,4,144.65307517357243,1.7451710300520062,34583.37028906681,35725.54260512606
1762464484,500,,Aggregated,469.500000,0.000000,4,6,9,41,550,710,920,1200,12000,20000,35000,421442,5870,4,144.6073548935431,1.7451710300520062,34583.37028906681,35725.745905723685
1762464485,500,,Aggregated,471.100000,0.000000,4,6,9,41,550,710,920,1200,12000,20000,35000,421884,5871,4,144.58778251007138,1.7451710300520062,34583.37028906681,35729.989101269544
1762464486,500,,Aggregated,472.400000,0.100000,4,6,9,41,550,710,920,1200,12000,20000,35000,422390,5871,4,144.58383198940845,1.7451710300520062,34583.37028906681,35734.33910367196
1762464487,500,,Aggregated,468.900000,0.200000,4,6,9,41,550,710,920,1200,12000,20000,35000,422854,5871,4,144.52411715606084,1.7451710300520062,34583.37028906681,35729.273451356734
1762464488,500,,Aggregated,469.900000,0.200000,4,6,9,41,550,710,920,1200,12000,20000,35000,423373,5871,4,144.5154316217295,1.7451710300520062,34583.37028906681,35734.16888889939
1762464489,500,,Aggregated,468.400000,0.200000,4,6,9,41,550,710,920,1200,12000,20000,35000,423826,5873,4,144.47773374054665,1.7451710300520062,34583.37028906681,35731.03933217877
1762464490,500,,Aggregated,474.800000,0.200000,4,6,9,41,550,710,920,1200,12000,20000,35000,424300,5873,4,144.45263729842222,1.7451710300520062,34583.37028906681,35725.22851520151
1762464491,500,,Aggregated,469.900000,0.400000,4,6,9,41,550,710,920,1200,12000,20000,35000,424761,5873,4,144.45132932119856,1.7451710300520062,34583.37028906681,35733.424426913014
1762464492,500,,Aggregated,478.900000,0.400000,4,6,9,41,550,710,920,1200,12000,20000,35000,425298,5873,4,144.409921733905,1.7451710300520062,34583.37028906681,35725.80096073812
1762464493,500,,Aggregated,472.000000,0.400000,4,6,9,41,550,710,920,1200,12000,20000,35000,425745,5873,4,144.34637316334377,1.7451710300520062,34583.37028906681,35728.59352429271
1762464494,500,,Aggregated,476.000000,0.400000,4,6,9,41,550,710,920,1200,12000,20000,35000,426229,5873,4,144.31223993559004,1.7451710300520062,34583.37028906681,35720.77149138139
1762464495,500,,Aggregated,473.900000,0.400000,4,6,9,41,550,710,920,1200,12000,20000,35000,426701,5873,4,144.26795441316048,1.7451710300520062,34583.37028906681,35715.20520223763
1762464496,500,,Aggregated,472.700000,0.300000,4,6,9,41,550,710,920,1200,12000,20000,35000,427176,5873,4,144.23639615379813,1.7451710300520062,34583.37028906681,35718.40915922243
1762464497,500,,Aggregated,476.900000,0.200000,4,6,9,41,550,710,920,1200,12000,20000,35000,427700,5873,4,144.15923154205302,1.7451710300520062,34583.37028906681,35714.89543137713
1762464498,500,,Aggregated,472.700000,0.200000,4,6,9,41,550,710,920,1200,12000,20000,35000,428133,5873,4,144.10260100389877,1.7451710300520062,34583.37028906681,35716.02704533404
1762464499,500,,Aggregated,476.300000,0.200000,4,6,9,41,550,710,920,1200,12000,20000,35000,428661,5873,4,144.06378335694183,1.7451710300520062,34583.37028906681,35723.3611361892
1762464500,500,,Aggregated,469.500000,0.200000,4,6,9,41,550,710,920,1200,12000,20000,35000,429084,5873,4,144.01129388501292,1.7451710300520062,34583.37028906681,35719.61459527738
1762464501,500,,Aggregated,476.900000,0.000000,4,6,9,41,550,710,920,1200,12000,20000,35000,429552,5873,4,143.97801210084035,1.7451710300520062,34583.37028906681,35720.75364100272
1762464502,500,,Aggregated,473.200000,0.000000,4,6,9,41,550,710,920,1200,12000,20000,35000,430018,5873,4,143.92991131952533,1.7451710300520062,34583.37028906681,35717.86856131604
1762464503,500,,Aggregated,471.000000,0.000000,4,6,9,41,550,710,920,1200,12000,20000,35000,430509,5873,4,143.89318323158122,1.7451710300520062,34583.37028906681,35724.45798113396
1762464504,500,,Aggregated,468.400000,0.000000,4,6,9,41,550,710,920,1200,12000,20000,35000,430978,5873,4,143.84952626554605,1.7451710300520062,34583.37028906681,35724.4256829815
1762464505,500,,Aggregated,473.000000,0.000000,4,6,9,41,550,710,920,1200,12000,20000,35000,431472,5873,4,143.8196692373982,1.7451710300520062,34583.37028906681,35724.62397096451
1762464506,500,,Aggregated,470.700000,0.000000,4,6,9,41,550,710,920,1200,12000,20000,35000,431937,5873,4,143.7920855845158,1.7451710300520062,34583.37028906681,35718.184904280024
1762464507,500,,Aggregated,469.800000,0.000000,4,6,9,41,550,710,920,1200,12000,20000,35000,432443,5873,4,143.71399926371794,1.7451710300520062,34583.37028906681,35716.106060220656
1762464508,500,,Aggregated,470.800000,0.000000,4,6,9,41,550,710,920,1200,12000,20000,35000,432895,5873,4,143.6678121733404,1.7451710300520062,34583.37028906681,35725.003453493344
1762464509,500,,Aggregated,470.900000,0.000000,4,6,9,41,550,710,920,1200,12000,20000,35000,433405,5873,4,143.62282109235562,1.7451710300520062,34583.37028906681,35724.28877377972
1762464510,500,,Aggregated,472.000000,0.000000,4,6,9,41,550,710,920,1200,12000,20000,35000,433881,5873,4,143.57000190838278,1.7451710300520062,34583.37028906681,35726.47596460781
1762464511,500,,Aggregated,469.200000,0.000000,4,6,9,41,550,710,920,1200,12000,20000,35000,434348,5873,4,143.54797268574285,1.7451710300520062,34583.37028906681,35725.688740364865
1762464512,500,,Aggregated,468.800000,0.000000,4,6,9,41,550,710,920,1200,12000,20000,35000,434866,5873,4,143.47739049288688,1.7451710300520062,34583.37028906681,35716.966260871166
1762464513,500,,Aggregated,478.900000,0.000000,4,6,9,41,550,710,920,1200,12000,20000,35000,435348,5873,4,143.42519504404592,1.7451710300520062,34583.37028906681,35717.07776996793
1762464514,500,,Aggregated,477.600000,0.000000,4,6,9,41,550,710,920,1100,12000,20000,35000,435810,5873,4,143.3700004687362,1.7451710300520062,34583.37028906681,35719.77926619398
1762464515,500,,Aggregated,478.000000,0.000000,4,6,9,41,550,710,920,1200,12000,20000,35000,436346,5873,4,143.32345329808876,1.7451710300520062,34583.37028906681,35711.52895179513
1762464516,500,,Aggregated,476.200000,0.000000,4,6,9,41,550,710,920,1100,12000,20000,35000,436810,5873,4,143.29407310482742,1.7451710300520062,34583.37028906681,35717.7056958403
1762464517,500,,Aggregated,476.700000,0.000000,4,6,9,40,550,710,920,1100,12000,20000,35000,437281,5873,4,143.2226729573476,1.7451710300520062,34583.37028906681,35710.607389756246
1762464518,500,,Aggregated,482.300000,0.000000,4,6,9,41,550,710,920,1100,12000,20000,35000,437783,5873,4,143.18631582257515,1.7451710300520062,34583.37028906681,35707.514659089094
1762464519,500,,Aggregated,479.000000,0.000000,4,6,9,40,550,710,920,1100,12000,20000,35000,438263,5873,4,143.1368152066677,1.7451710300520062,34583.37028906681,35713.77653600692
1762464520,500,,Aggregated,483.400000,0.000000,4,6,9,40,550,710,920,1100,12000,20000,35000,438747,5873,4,143.08580626712646,1.7451710300520062,34583.37028906681,35713.59351744855
1762464521,500,,Aggregated,479.800000,0.000000,4,6,9,40,550,710,920,1100,12000,20000,35000,439240,5873,4,143.0155542402922,1.7451710300520062,34583.37028906681,35715.031169747745
1762464522,500,,Aggregated,484.100000,0.000000,4,6,9,40,550,710,910,1100,12000,20000,35000,439664,5873,4,142.96648949381412,1.7451710300520062,34583.37028906681,35715.231176534806
1762464523,500,,Aggregated,482.300000,0.000000,4,6,9,40,550,710,910,1100,12000,20000,35000,440212,5873,4,142.91139581919842,1.7451710300520062,34583.37028906681,35707.15194497197
1762464527,500,,Aggregated,433.700000,0.000000,4,6,9,40,550,710,910,1100,12000,20000,35000,440407,5873,4,142.90289160477508,1.7451710300520062,34583.37028906681,35703.90854141737
1762464528,500,,Aggregated,380.800000,0.000000,4,6,9,43,550,710,920,1200,12000,20000,35000,441361,5879,4,143.40842440483596,1.7451710300520062,34583.37028906681,35702.667453626396
1762464529,500,,Aggregated,334.000000,0.000000,4,6,9,43,550,710,920,1200,12000,20000,35000,441610,5879,4,143.48615112814352,1.7451710300520062,34583.37028906681,35709.88063676094
1762464530,500,,Aggregated,285.300000,0.000000,4,6,9,43,550,710,920,1200,12000,20000,35000,442074,5879,4,143.39049025078387,1.7451710300520062,34583.37028906681,35703.615711396735
1762464531,500,,Aggregated,335.100000,0.600000,4,6,9,43,550,710,920,1200,12000,20000,35000,442609,5879,4,143.36388653565962,1.7451710300520062,34583.37028906681,35699.58318289958
1762464532,500,,Aggregated,314.700000,0.600000,4,6,9,43,550,710,920,1200,12000,20000,35000,443067,5879,4,143.3431509686792,1.7451710300520062,34583.37028906681,35701.55055104533
1762464533,500,,Aggregated,311.500000,0.600000,4,6,9,43,550,710,920,1200,12000,20000,35000,443540,5879,4,143.30346287164406,1.7451710300520062,34583.37028906681,35703.01534923569
1762464534,500,,Aggregated,316.600000,0.600000,4,6,9,43,550,710,920,1200,12000,20000,35000,444048,5879,4,143.26004875730126,1.7451710300520062,34583.37028906681,35693.6486415883
1762464536,500,,Aggregated,317.600000,0.600000,4,6,9,43,550,710,920,1200,12000,20000,35000,444528,5879,4,143.21112638330249,1.7451710300520062,34583.37028906681,35687.771202263975
1762464537,500,,Aggregated,364.200000,0.600000,4,6,9,43,550,710,920,1200,12000,20000,35000,445020,5879,4,143.1834250820429,1.7451710300520062,34583.37028906681,35685.68288391533
1762464538,500,,Aggregated,412.200000,0.600000,4,6,9,43,550,710,920,1200,12000,20000,35000,445467,5879,4,143.1326980774509,1.7451710300520062,34583.37028906681,35687.653383976816
1762464539,500,,Aggregated,461.200000,0.600000,4,6,9,43,550,710,920,1200,12000,20000,35000,445968,5879,4,143.09312983783292,1.7451710300520062,34583.37028906681,35688.250524701325
1762464540,500,,Aggregated,504.600000,0.600000,4,6,9,43,550,710,920,1200,12000,20000,35000,446454,5879,4,143.0404245994973,1.7451710300520062,34583.37028906681,35681.8233479821
1762464541,500,,Aggregated,458.300000,0.000000,4,6,9,43,550,710,920,1200,12000,20000,35000,446933,5879,4,142.99184078768803,1.7451710300520062,34583.37028906681,35683.18426699304
1762464542,500,,Aggregated,477.400000,0.000000,4,6,9,43,550,710,920,1200,12000,20000,35000,447436,5879,4,142.94275655952944,1.7451710300520062,34583.37028906681,35682.63091034249
1762464543,500,,Aggregated,478.300000,0.000000,4,6,9,43,550,710,920,1200,12000,20000,35000,447969,5879,4,142.86223899595265,1.7451710300520062,34583.37028906681,35677.62592277591
1762464544,500,,Aggregated,477.800000,0.000000,4,6,9,43,550,710,920,1200,12000,20000,35000,448428,5879,4,142.81007260786578,1.7451710300520062,34583.37028906681,35682.77509655953
1762464545,500,,Aggregated,482.300000,0.000000,4,6,9,43,550,710,920,1100,12000,20000,35000,448906,5879,4,142.74571151818026,1.7451710300520062,34583.37028906681,35675.02402507429
1762464546,500,,Aggregated,483.600000,0.000000,4,6,9,43,550,710,920,1100,12000,20000,35000,449376,5879,4,142.69492533531928,1.7451710300520062,34583.37028906681,35683.15457879371
1762464547,500,,Aggregated,479.800000,0.000000,4,6,9,43,550,710,920,1100,12000,20000,35000,449806,5879,4,142.6738064327299,1.7451710300520062,34583.37028906681,35694.02313886431
1762464548,500,,Aggregated,480.200000,0.000000,4,6,9,42,550,710,920,1100,12000,20000,35000,450322,5879,4,142.6040536224957,1.7451710300520062,34583.37028906681,35688.00546941966
1762464549,500,,Aggregated,473.400000,0.000000,4,6,9,42,550,710,920,1100,12000,20000,35000,450788,5879,4,142.57008117222298,1.7451710300520062,34583.37028906681,35690.92052583476
1762464550,500,,Aggregated,478.700000,0.000000,4,6,9,42,550,710,920,1100,12000,20000,35000,451259,5879,4,142.52327320076387,1.7451710300520062,34583.37028906681,35689.261856273224
1762464551,500,,Aggregated,477.800000,0.000000,4,6,9,42,550,710,920,1100,12000,20000,35000,451782,5879,4,142.46112389963463,1.7451710300520062,34583.37028906681,35689.77444873855
1762464552,500,,Aggregated,477.600000,0.000000,4,6,9,42,550,710,920,1100,12000,20000,35000,452235,5879,4,142.4054958458915,1.7451710300520062,34583.37028906681,35695.90475084856
1762464553,500,,Aggregated,479.500000,0.000000,4,6,9,42,550,710,920,1100,12000,20000,35000,452760,5879,4,142.34741206192876,1.7451710300520062,34583.37028906681,35697.529633801576
1762464554,500,,Aggregated,473.200000,0.000000,4,6,9,42,550,710,910,1100,12000,20000,35000,453219,5879,4,142.28119703377874,1.7451710300520062,34583.37028906681,35698.775269792306
1762464555,500,,Aggregated,471.100000,0.000000,4,6,9,42,550,710,910,1100,12000,20000,35000,453713,5879,4,142.2354840254852,1.7451710300520062,34583.37028906681,35696.223429789316
1762464556,500,,Aggregated,472.600000,0.000000,4,6,9,42,550,710,910,1100,12000,20000,35000,454217,5879,4,142.18683833009618,1.7451710300520062,34583.37028906681,35693.34103963524
1762464557,500,,Aggregated,474.100000,0.000000,4,6,9,42,550,710,910,1100,12000,20000,35000,454734,5879,4,142.10318386077887,1.7451710300520062,34583.37028906681,35688.835209155244
1762464558,500,,Aggregated,477.400000,0.000000,4,6,9,42,550,710,910,1100,12000,20000,35000,455230,5879,4,142.05813375158326,1.7451710300520062,34583.37028906681,35683.999382729606
1762464559,500,,Aggregated,489.800000,0.000000,4,6,9,42,550,710,910,1100,12000,20000,35000,455704,5879,4,141.99322916832614,1.7451710300520062,34583.37028906681,35685.3760182048
1762464560,500,,Aggregated,487.800000,0.000000,4,6,9,42,550,710,910,1100,12000,20000,35000,456167,5879,4,141.97986823616583,1.7451710300520062,34583.37028906681,35688.14907698277
1762464561,500,,Aggregated,484.600000,0.000000,4,6,9,42,550,710,910,1100,12000,20000,35000,456712,5879,4,141.94076713357236,1.7451710300520062,34583.37028906681,35679.258839268514
1762464562,500,,Aggregated,484.100000,0.000000,4,6,9,42,550,710,910,1100,12000,20000,35000,457156,5879,4,141.89160904212017,1.7451710300520062,34583.37028906681,35681.0100556484
1762464563,500,,Aggregated,487.200000,0.000000,4,6,9,42,550,710,910,1100,12000,20000,35000,457679,5880,4,141.81218966756853,1.7451710300520062,34583.37028906681,35672.88041400196
1762464564,500,,Aggregated,489.900000,0.000000,4,6,9,42,550,710,910,1100,12000,20000,35000,458142,5880,4,141.75612386539416,1.7451710300520062,34583.37028906681,35675.56389721964
1762464565,500,,Aggregated,487.300000,0.000000,4,6,9,42,550,710,910,1100,12000,20000,35000,458655,5880,4,141.7137317928893,1.7451710300520062,34583.37028906681,35677.33330716988
1762464566,500,,Aggregated,487.900000,0.100000,4,6,9,42,550,710,910,1100,12000,20000,35000,459123,5880,4,141.6618379311245,1.7451710300520062,34583.37028906681,35681.54097050246
1762464567,500,,Aggregated,488.200000,0.100000,4,6,9,42,550,710,910,1100,12000,20000,35000,459545,5880,4,141.6222850302603,1.7451710300520062,34583.37028906681,35685.78224765801
1762464568,500,,Aggregated,482.500000,0.100000,4,6,9,41,550,710,910,1100,12000,20000,35000,460041,5880,4,141.56758966617485,1.7451710300520062,34583.37028906681,35679.08172967192
1762464569,500,,Aggregated,476.500000,0.100000,4,6,9,41,550,710,910,1100,12000,20000,35000,460533,5880,4,141.51300785469843,1.7451710300520062,34583.37028906681,35678.21158961464
1762464570,500,,Aggregated,475.900000,0.100000,4,6,9,41,550,710,910,1100,12000,20000,35000,461009,5880,4,141.45401665619477,1.7451710300520062,34583.37028906681,35678.1701506912
1762464571,500,,Aggregated,474.200000,0.100000,4,6,9,41,550,710,910,1100,12000,20000,35000,461522,5880,4,141.4021328150207,1.7451710300520062,34583.37028906681,35674.66713612786
1762464572,500,,Aggregated,477.100000,0.100000,4,6,9,41,550,710,910,1100,12000,20000,35000,461965,5880,4,141.3678127389814,1.7451710300520062,34583.37028906681,35678.12001342093
1762464573,500,,Aggregated,473.700000,0.100000,4,6,9,41,550,710,910,1100,12000,20000,35000,462477,5880,4,141.31199563351132,1.7451710300520062,34583.37028906681,35678.7296514205
1762464574,500,,Aggregated,476.300000,0.100000,4,6,9,41,550,710,910,1100,12000,20000,35000,462938,5880,4,141.2609571352993,1.7451710300520062,34583.37028906681,35681.32576068502
1762464575,500,,Aggregated,476.000000,0.100000,4,6,9,41,550,710,910,1100,12000,20000,35000,463422,5880,4,141.2043272860615,1.7451710300520062,34583.37028906681,35676.386373542904
1762464576,500,,Aggregated,478.500000,0.000000,4,6,9,41,550,710,910,1100,12000,20000,35000,463916,5880,4,141.16584375194083,1.7451710300520062,34583.37028906681,35676.694895196546
1762464577,500,,Aggregated,471.200000,0.000000,4,6,9,41,550,710,910,1100,12000,20000,35000,464365,5880,4,141.1656184346615,1.7451710300520062,34583.37028906681,35689.56848169005
1762464578,500,,Aggregated,473.200000,0.000000,4,6,9,41,550,710,910,1100,12000,20000,35000,464873,5880,4,141.10661321106573,1.7451710300520062,34583.37028906681,35683.79899026186
1762464579,500,,Aggregated,473.800000,0.000000,4,6,9,41,550,710,910,1100,12000,20000,35000,465347,5880,4,141.0669025419429,1.7451710300520062,34583.37028906681,35688.65355530389
1762464580,500,,Aggregated,476.700000,0.000000,4,6,9,41,550,710,910,1100,12000,20000,35000,465891,5880,4,140.99609252565563,1.7451710300520062,34583.37028906681,35681.145778733655
1762464581,500,,Aggregated,479.100000,0.000000,4,6,9,41,550,710,910,1100,12000,20000,35000,466302,5881,4,140.9835756526604,1.7451710300520062,34583.37028906681,35682.54085549708
1762464582,500,,Aggregated,476.900000,0.000000,4,6,9,41,550,710,910,1100,12000,20000,35000,466798,5881,4,140.93527551326903,1.7451710300520062,34583.37028906681,35677.074554732455
1762464583,500,,Aggregated,478.200000,0.100000,4,6,9,41,550,710,910,1100,12000,20000,35000,467304,5881,4,140.9200813555954,1.7451710300520062,34583.37028906681,35675.88147330218
1762464587,500,,Aggregated,478.200000,0.100000,4,6,9,41,550,710,910,1100,12000,20000,35000,467479,5881,4,140.89883790951933,1.7451710300520062,34583.37028906681,35677.60819416487
1762464588,500,,Aggregated,381.800000,0.100000,4,6,9,43,550,710,910,1100,12000,20000,35000,468390,5881,4,141.34089079746886,1.7451710300520062,34583.37028906681,35674.345398065714
1762464589,500,,Aggregated,332.600000,0.100000,4,6,9,43,550,710,920,1100,12000,20000,35000,468633,5881,4,141.497678657398,1.7451710300520062,34583.37028906681,35681.38165045995
1762464590,500,,Aggregated,283.500000,0.100000,4,6,9,43,550,710,920,1100,12000,20000,35000,469122,5881,4,141.42973337489016,1.7451710300520062,34583.37028906681,35680.81481149893
1762464591,500,,Aggregated,329.000000,0.100000,4,6,9,43,550,710,920,1100,12000,20000,35000,469651,5881,4,141.39699755611161,1.7451710300520062,34583.37028906681,35676.67605732768
1762464592,500,,Aggregated,309.300000,0.100000,4,6,9,43,550,710,920,1100,12000,20000,35000,470159,5881,4,141.39814989684785,1.7451710300520062,34583.37028906681,35679.33700514081
1762464593,500,,Aggregated,305.500000,0.000000,4,6,9,43,550,710,910,1100,12000,20000,35000,470610,5881,4,141.34283790482513,1.7451710300520062,34583.37028906681,35679.87203629332
1762464594,500,,Aggregated,314.900000,0.000000,4,6,9,43,550,710,920,1100,12000,20000,35000,471138,5881,4,141.3254420636763,1.7451710300520062,34583.37028906681,35680.510776035895
1762464595,500,,Aggregated,314.300000,0.000000,4,6,9,43,550,710,910,1100,12000,20000,35000,471576,5881,4,141.2823888395788,1.7451710300520062,34583.37028906681,35680.915317997526
1762464597,500,,Aggregated,366.500000,0.000000,4,6,9,43,550,710,910,1100,12000,20000,35000,472076,5882,4,141.20957303560803,1.7451710300520062,34583.37028906681,35672.167640379936
1762464598,500,,Aggregated,409.700000,0.000000,4,6,9,43,550,710,910,1100,12000,20000,35000,472588,5882,4,141.16593336634486,1.7451710300520062,34583.37028906681,35673.348506521535
1762464599,500,,Aggregated,459.600000,0.100000,4,6,9,43,550,710,910,1100,12000,20000,35000,473062,5882,4,141.15274856721092,1.7451710300520062,34583.37028906681,35677.44626919938
1762464600,500,,Aggregated,509.900000,0.100000,4,6,9,43,550,710,910,1100,12000,20000,35000,473559,5882,4,141.15076245747065,1.7451710300520062,34583.37028906681,35673.576367464244
1762464601,500,,Aggregated,465.200000,0.100000,4,6,9,43,550,710,910,1100,12000,20000,35000,474028,5882,4,141.12546426092527,1.7451710300520062,34583.37028906681,35678.27470318209
1762464602,500,,Aggregated,486.500000,0.100000,4,6,9,43,550,710,910,1100,12000,20000,35000,474481,5883,4,141.0743357978886,1.7451710300520062,34583.37028906681,35676.3746936126
1762464603,500,,Aggregated,484.400000,0.100000,4,6,9,43,550,710,910,1100,12000,20000,35000,474930,5883,4,141.04178481278976,1.7451710300520062,34583.37028906681,35677.47302128735
1762464604,500,,Aggregated,478.500000,0.200000,4,6,9,43,550,710,910,1100,12000,20000,35000,475474,5883,4,141.00820624181404,1.7451710300520062,34583.37028906681,35673.34014478184
1762464605,500,,Aggregated,472.000000,0.200000,4,6,9,43,550,710,910,1100,12000,20000,35000,475891,5883,4,141.00357345740565,1.7451710300520062,34583.37028906681,35670.97896787289
1762464606,500,,Aggregated,479.600000,0.200000,4,6,9,43,550,710,910,1100,12000,20000,35000,476399,5883,4,140.9434134284306,1.7451710300520062,34583.37028906681,35675.45313487224
1762464607,500,,Aggregated,471.900000,0.200000,4,6,9,43,550,710,910,1100,12000,20000,35000,476908,5884,4,140.92130626337467,1.7451710300520062,34583.37028906681,35669.54657502076
1762464608,500,,Aggregated,477.800000,0.200000,4,6,9,43,550,710,910,1100,12000,20000,35000,477398,5884,4,140.90287459012515,1.7451710300520062,34583.37028906681,35666.43387488008
1762464609,500,,Aggregated,478.900000,0.200000,4,6,9,42,550,710,910,1100,12000,20000,35000,477876,5884,4,140.8741784430089,1.7451710300520062,34583.37028906681,35665.15438314542
1762464610,500,,Aggregated,473.900000,0.200000,4,6,9,42,550,710,910,1100,12000,20000,35000,478370,5884,4,140.87387411415375,1.7451710300520062,34583.37028906681,35656.37112068065
1762464611,500,,Aggregated,475.100000,0.200000,4,6,9,42,550,710,910,1100,12000,20000,35000,478862,5884,4,140.85120523759747,1.7451710300520062,34583.37028906681,35651.01739540828
1762464612,500,,Aggregated,473.900000,0.200000,4,6,9,42,550,710,910,1100,12000,20000,35000,479366,5884,4,140.8283884558078,1.7451710300520062,34583.37028906681,35647.902552538144
1762464613,500,,Aggregated,477.200000,0.200000,4,6,9,42,550,710,910,1100,12000,20000,35000,479788,5884,4,140.798889017607,1.7451710300520062,34583.37028906681,35647.90944959024
1762464614,500,,Aggregated,482.900000,0.100000,4,6,9,42,550,710,910,1100,12000,20000,35000,480328,5885,4,140.79490225452437,1.7451710300520062,34583.37028906681,35645.13554279575
1762464615,500,,Aggregated,480.100000,0.100000,4,6,9,42,550,710,910,1100,12000,20000,35000,480767,5885,4,140.7638338591324,1.7451710300520062,34583.37028906681,35649.68273820791
1762464616,500,,Aggregated,479.000000,0.200000,4,6,9,42,550,710,910,1100,12000,20000,35000,481251,5886,4,140.71321038173787,1.7451710300520062,34583.37028906681,35651.0243594299
1762464617,500,,Aggregated,480.800000,0.200000,4,6,9,42,550,710,910,1100,12000,20000,35000,481787,5886,4,140.6843043398739,1.7451710300520062,34583.37028906681,35648.82560965738
1762464618,500,,Aggregated,478.200000,0.300000,4,6,9,42,550,710,910,1100,12000,20000,35000,482234,5886,4,140.63608352906172,1.7451710300520062,34583.37028906681,35649.869567471396
1762464619,500,,Aggregated,483.100000,0.200000,4,6,9,42,550,710,910,1100,12000,20000,35000,482760,5886,4,140.5889759888835,1.7451710300520062,34583.37028906681,35649.1345741155
1762464620,500,,Aggregated,480.400000,0.200000,4,6,9,42,550,710,910,1100,12000,20000,35000,483185,5886,4,140.5450018311851,1.7451710300520062,34583.37028906681,35654.69549344454
1762464621,500,,Aggregated,482.300000,0.200000,4,6,9,42,550,710,910,1100,12000,20000,35000,483655,5886,4,140.49244557305445,1.7451710300520062,34583.37028906681,35653.56742305982
1762464622,500,,Aggregated,478.500000,0.200000,4,6,9,42,550,710,910,1100,12000,20000,35000,484142,5886,4,140.4680139536318,1.7451710300520062,34583.37028906681,35650.10931090465
1762464623,500,,Aggregated,472.600000,0.200000,4,6,9,42,550,710,910,1100,12000,20000,35000,484622,5886,4,140.46148874403974,1.7451710300520062,34583.37028906681,35655.31767233019
1762464624,500,,Aggregated,470.000000,0.200000,4,6,9,42,550,710,910,1100,12000,20000,35000,485069,5886,4,140.42686535362995,1.7451710300520062,34583.37028906681,35656.40047292241
1762464625,500,,Aggregated,477.000000,0.200000,4,6,9,41,550,710,910,1100,12000,20000,35000,485600,5886,4,140.4250580135373,1.7451710300520062,34583.37028906681,35665.89328047776
1762464626,500,,Aggregated,467.000000,0.100000,4,6,9,41,550,710,910,1100,12000,20000,35000,486090,5886,4,140.41023852391092,1.7451710300520062,34583.37028906681,35668.440665308895
1762464627,500,,Aggregated,478.800000,0.100000,4,6,9,41,550,710,910,1100,12000,20000,35000,486554,5886,4,140.38053647831788,1.7451710300520062,34583.37028906681,35678.223212634155
1762464628,500,,Aggregated,478.900000,0.000000,4,6,9,41,550,710,910,1100,12000,20000,35000,487071,5886,4,140.35260109016434,1.7451710300520062,34583.37028906681,35678.07679373233
1762464629,500,,Aggregated,469.700000,0.000000,4,6,9,41,550,710,910,1100,12000,20000,35000,487532,5886,4,140.30999984114823,1.7451710300520062,34583.37028906681,35685.68308952028
1762464630,500,,Aggregated,475.900000,0.000000,4,6,9,41,550,710,910,1100,12000,20000,35000,487998,5886,4,140.25240169855013,1.7451710300520062,34583.37028906681,35680.98165361334
1762464631,500,,Aggregated,472.600000,0.000000,4,6,9,41,550,710,910,1100,12000,20000,35000,488453,5886,4,140.20182488027461,1.7451710300520062,34583.37028906681,35685.29187455088
1762464632,500,,Aggregated,475.700000,0.000000,4,6,9,41,550,710,910,1100,12000,20000,35000,488928,5886,4,140.18162944340202,1.7451710300520062,34583.37028906681,35691.530061685975
1762464633,500,,Aggregated,478.700000,0.000000,4,6,9,41,550,710,910,1100,12000,20000,35000,489412,5886,4,140.16250343382316,1.7451710300520062,34583.37028906681,35690.17714318407
1762464634,500,,Aggregated,475.000000,0.000000,4,6,9,41,550,710,910,1100,12000,20000,35000,489927,5886,4,140.10280073096268,1.7451710300520062,34583.37028906681,35688.109128502816
1762464635,500,,Aggregated,473.500000,0.000000,4,6,9,41,550,710,910,1100,12000,19000,35000,490387,5886,4,140.05891866064775,1.7451710300520062,34583.37028906681,35693.96366951
1762464636,500,,Aggregated,483.500000,0.000000,4,6,9,41,550,710,910,1100,12000,19000,35000,490853,5886,4,140.02246153685758,1.7451710300520062,34583.37028906681,35690.590659525355
1762464637,500,,Aggregated,470.400000,0.000000,4,6,9,41,550,710,910,1100,12000,19000,35000,491367,5886,4,140.02058826232337,1.7451710300520062,34583.37028906681,35686.92707080451
1762464638,500,,Aggregated,471.500000,0.000000,4,6,9,41,550,710,910,1100,12000,19000,35000,491822,5886,4,139.98063168010566,1.7451710300520062,34583.37028906681,35688.33860624372
1762464639,500,,Aggregated,472.000000,0.000000,4,6,9,41,550,710,910,1100,12000,19000,35000,492362,5886,4,139.9722615659829,1.7451710300520062,34583.37028906681,35683.136034056246
1762464640,500,,Aggregated,477.800000,0.000000,4,6,9,41,550,710,910,1100,12000,19000,35000,492830,5886,4,139.93202708171367,1.7451710300520062,34583.37028906681,35683.99658705842
1762464641,500,,Aggregated,476.100000,0.000000,4,6,9,41,550,710,910,1100,12000,19000,35000,493338,5886,4,139.8948841049246,1.7451710300520062,34583.37028906681,35675.03478142774
1762464642,500,,Aggregated,478.700000,0.000000,4,6,9,40,550,710,910,1100,12000,19000,35000,493848,5887,4,139.86945467995113,1.7451710300520062,34583.37028906681,35678.08734266414
1762464643,500,,Aggregated,477.000000,0.000000,4,6,9,40,550,710,910,1100,12000,19000,35000,494247,5887,4,139.8245666871369,1.7451710300520062,34583.37028906681,35680.083179058245
1762464647,500,,Aggregated,430.300000,0.100000,4,6,9,40,550,710,910,1100,12000,19000,35000,494469,5887,4,139.8303198566127,1.7451710300520062,34583.37028906681,35680.203594158585
1762464648,500,,Aggregated,382.600000,0.100000,4,6,9,43,550,710,910,1100,12000,19000,35000,495369,5889,4,140.4373323214642,1.7451710300520062,34583.37028906681,35681.92767411768
1762464649,500,,Aggregated,335.400000,0.100000,4,6,9,43,550,710,920,1100,12000,19000,35000,495671,5889,4,140.54861562672463,1.7451710300520062,34583.37028906681,35684.79230376601
1762464650,500,,Aggregated,281.100000,0.100000,4,6,9,43,550,710,920,1100,11000,19000,35000,496069,5889,4,140.49047940199475,1.7451710300520062,34583.37028906681,35682.76176298055
1762464651,500,,Aggregated,326.600000,0.300000,4,6,9,43,550,710,920,1100,11000,19000,35000,496648,5889,4,140.53437703688965,1.7451710300520062,34583.37028906681,35678.18640566357
1762464652,500,,Aggregated,307.800000,0.300000,4,6,9,43,550,710,920,1100,11000,19000,35000,497084,5889,4,140.48405853213063,1.7451710300520062,34583.37028906681,35674.67958936518
1762464653,500,,Aggregated,304.700000,0.300000,4,6,9,43,550,710,920,1100,11000,19000,35000,497590,5889,4,140.42664924989688,1.7451710300520062,34583.37028906681,35668.98575333106
1762464654,500,,Aggregated,310.900000,0.300000,4,6,9,43,550,710,920,1100,11000,19000,35000,498098,5889,4,140.3805434490507,1.7451710300520062,34583.37028906681,35672.719685684344
1762464655,500,,Aggregated,311.600000,0.200000,4,6,9,43,550,710,920,1100,11000,19000,35000,498547,5889,4,140.32692005000996,1.7451710300520062,34583.37028906681,35671.816382407276
1762464657,500,,Aggregated,363.200000,0.200000,4,6,9,43,550,710,920,1100,11000,19000,35000,499040,5889,4,140.3028933987079,1.7451710300520062,34583.37028906681,35673.18761021161
1762464658,500,,Aggregated,408.100000,0.200000,4,6,9,42,550,710,920,1100,11000,19000,35000,499520,5889,4,140.26656252104695,1.7451710300520062,34583.37028906681,35672.60181374119
1762464659,500,,Aggregated,456.900000,0.200000,4,6,9,42,550,710,920,1100,11000,19000,35000,499988,5889,4,140.220138619999,1.7451710300520062,34583.37028906681,35673.862184692436
1762464660,500,,Aggregated,504.700000,0.200000,4,6,9,42,550,710,920,1100,11000,19000,35000,500490,5889,4,140.16799722629202,1.7451710300520062,34583.37028906681,35666.7542708146
1762464661,500,,Aggregated,458.500000,0.000000,4,6,9,42,550,710,920,1100,11000,19000,35000,500981,5889,4,140.1296692645812,1.7451710300520062,34583.37028906681,35668.49237396228
1762464662,500,,Aggregated,477.500000,0.000000,4,6,9,42,550,710,920,1100,11000,19000,35000,501471,5889,4,140.0856145912723,1.7451710300520062,34583.37028906681,35673.08909587992
1762464663,500,,Aggregated,485.000000,0.000000,4,6,9,42,550,710,920,1100,11000,19000,35000,501971,5890,4,140.0408224233198,1.7451710300520062,34583.37028906681,35667.65480675179
1762464664,500,,Aggregated,474.400000,0.000000,4,6,9,42,550,710,920,1100,11000,19000,35000,502399,5890,4,139.99480545847402,1.7451710300520062,34583.37028906681,35671.15349552845
1762464665,500,,Aggregated,483.000000,0.100000,4,6,9,42,550,710,920,1100,11000,19000,35000,502889,5890,4,139.96002256407826,1.7451710300520062,34583.37028906681,35667.36428317183
1762464666,500,,Aggregated,475.300000,0.100000,4,6,9,42,550,710,920,1100,11000,19000,35000,503395,5890,4,139.90824748805827,1.7451710300520062,34583.37028906681,35665.91350529902
1762464667,500,,Aggregated,475.100000,0.100000,4,6,9,42,550,710,920,1100,11000,19000,35000,503866,5890,4,139.87087823012607,1.7451710300520062,34583.37028906681,35667.10088594983
1762464668,500,,Aggregated,477.500000,0.100000,4,6,9,42,550,710,920,1100,11000,19000,35000,504319,5890,4,139.82469624607106,1.7451710300520062,34583.37028906681,35671.19876903309
1762464669,500,,Aggregated,475.600000,0.100000,4,6,9,42,550,710,920,1100,11000,19000,35000,504822,5890,4,139.80156110627652,1.7451710300520062,34583.37028906681,35668.10107523048
1762464670,500,,Aggregated,472.900000,0.100000,4,6,9,42,550,710,920,1100,11000,19000,35000,505288,5890,4,139.75791793185996,1.7451710300520062,34583.37028906681,35668.626652522915
1762464671,500,,Aggregated,480.200000,0.100000,4,6,9,42,550,710,920,1100,11000,19000,35000,505779,5890,4,139.70419163633062,1.7451710300520062,34583.37028906681,35670.16944159406
1762464672,500,,Aggregated,475.600000,0.100000,4,6,9,42,550,710,910,1100,11000,19000,35000,506252,5890,4,139.6459226596694,1.7451710300520062,34583.37028906681,35669.08524608298
1762464673,500,,Aggregated,474.500000,0.100000,4,6,9,42,550,710,910,1100,11000,19000,35000,506759,5890,4,139.60661679748233,1.7451710300520062,34583.37028906681,35669.3972065617
1762464674,500,,Aggregated,475.400000,0.100000,4,6,9,42,550,710,910,1100,11000,19000,35000,507259,5890,4,139.55172583768808,1.7451710300520062,34583.37028906681,35665.65882911885
1762464675,500,,Aggregated,472.200000,0.000000,4,6,9,41,550,710,910,1100,11000,19000,35000,507716,5890,4,139.50158129754237,1.7451710300520062,34583.37028906681,35670.599740799975
1762464676,500,,Aggregated,480.300000,0.000000,4,6,9,42,550,710,910,1100,11000,19000,35000,508171,5890,4,139.47246918950046,1.7451710300520062,34583.37028906681,35671.82868561961
1762464677,500,,Aggregated,475.900000,0.000000,4,6,9,41,550,710,910,1100,11000,19000,35000,508657,5890,4,139.43608442160195,1.7451710300520062,34583.37028906681,35677.15028201715
1762464678,500,,Aggregated,472.700000,0.000000,4,6,9,41,550,710,910,1100,11000,19000,35000,509122,5890,4,139.38334307308057,1.7451710300520062,34583.37028906681,35676.67511323416
1762464679,500,,Aggregated,475.400000,0.000000,4,6,9,41,550,710,910,1100,11000,19000,35000,509665,5890,4,139.3095803776191,1.7451710300520062,34583.37028906681,35674.597103980064
1762464680,500,,Aggregated,478.800000,0.000000,4,6,9,41,550,710,910,1100,11000,19000,35000,510138,5890,4,139.26510063671452,1.7451710300520062,34583.37028906681,35677.320072215756
1762464681,500,,Aggregated,471.700000,0.000000,4,6,9,41,550,710,910,1100,11000,19000,35000,510572,5890,4,139.23915164400884,1.7451710300520062,34583.37028906681,35683.06468431485
1762464682,500,,Aggregated,477.600000,0.000000,4,6,9,41,550,710,910,1100,11000,19000,35000,511097,5890,4,139.17643144385002,1.7451710300520062,34583.37028906681,35677.834976530874
1762464683,500,,Aggregated,477.500000,0.000000,4,6,8,41,550,710,910,1100,11000,19000,35000,511543,5890,4,139.12774445332374,1.7451710300520062,34583.37028906681,35675.267997020776
1762464684,500,,Aggregated,480.100000,0.000000,4,6,8,41,550,710,910,1100,11000,19000,35000,512088,5890,4,139.09011626851643,1.7451710300520062,34583.37028906681,35677.96970833138
1762464685,500,,Aggregated,473.900000,0.000000,4,6,8,41,550,710,910,1100,11000,19000,35000,512543,5890,4,139.06835146869665,1.7451710300520062,34583.37028906681,35680.680360477076
1762464686,500,,Aggregated,477.300000,0.000000,4,6,8,41,550,710,910,1100,11000,19000,35000,513018,5890,4,139.00160657348223,1.7451710300520062,34583.37028906681,35679.20014502415
1762464687,500,,Aggregated,473.800000,0.000000,4,6,8,41,550,710,910,1100,11000,19000,35000,513531,5890,4,138.94418530403436,1.7451710300520062,34583.37028906681,35673.50238836604
1762464688,500,,Aggregated,483.100000,0.000000,4,6,8,41,550,710,910,1100,11000,19000,35000,514030,5890,4,138.90212898589064,1.7451710300520062,34583.37028906681,35674.18889169893
1762464689,500,,Aggregated,480.100000,0.000000,4,6,8,41,550,710,910,1100,11000,19000,35000,514527,5890,4,138.86391679068595,1.7451710300520062,34583.37028906681,35672.667455740906
1762464690,500,,Aggregated,481.800000,0.000000,4,6,8,41,550,710,910,1100,11000,19000,35000,514999,5890,4,138.82559853679913,1.7451710300520062,34583.37028906681,35679.7081994334
1762464691,500,,Aggregated,482.900000,0.000000,4,6,8,41,550,710,910,1100,11000,19000,35000,515460,5890,4,138.81030844411978,1.7451710300520062,34583.37028906681,35679.9332499127
1762464692,500,,Aggregated,484.400000,0.000000,4,6,8,41,550,710,910,1100,11000,19000,35000,516013,5890,4,138.7410047117228,1.7451710300520062,34583.37028906681,35670.41655733479
1762464693,500,,Aggregated,479.800000,0.000000,4,6,8,41,550,710,910,1100,11000,19000,35000,516477,5890,4,138.6979872509955,1.7451710300520062,34583.37028906681,35667.93491481712
1762464694,500,,Aggregated,485.300000,0.000000,4,6,8,40,550,710,910,1100,11000,19000,35000,516968,5890,4,138.65207928748626,1.7451710300520062,34583.37028906681,35662.58494916513
1762464695,500,,Aggregated,487.800000,0.000000,4,6,8,40,550,710,910,1100,11000,19000,35000,517453,5890,4,138.61856744819698,1.7451710300520062,34583.37028906681,35665.92332636974
1762464696,500,,Aggregated,480.300000,0.000000,4,6,8,40,550,710,910,1100,11000,19000,35000,517974,5890,4,138.5647930601472,1.7451710300520062,34583.37028906681,35673.07802708244
1762464697,500,,Aggregated,493.400000,0.000000,4,6,8,40,550,710,910,1100,11000,19000,35000,518431,5890,4,138.51610173625375,1.7451710300520062,34583.37028906681,35669.63826044353
1762464698,500,,Aggregated,488.700000,0.000000,4,6,8,40,550,710,910,1100,11000,19000,35000,518911,5890,4,138.4651571834957,1.7451710300520062,34583.37028906681,35676.29459965196
1762464699,500,,Aggregated,488.300000,0.000000,4,6,8,40,550,710,910,1100,11000,19000,35000,519425,5890,4,138.42000986735084,1.7451710300520062,34583.37028906681,35673.60312460894
1762464700,500,,Aggregated,485.600000,0.000000,4,6,8,40,550,710,910,1100,11000,19000,35000,519908,5890,4,138.38990209835256,1.7451710300520062,34583.37028906681,35681.54303453688
1762464701,500,,Aggregated,486.200000,0.000000,4,6,8,40,550,710,910,1100,11000,19000,35000,520377,5890,4,138.34494167354848,1.7451710300520062,34583.37028906681,35682.453515432084
1762464702,500,,Aggregated,482.500000,0.000000,4,6,8,40,550,710,910,1100,11000,19000,35000,520867,5890,4,138.31360560879457,1.7451710300520062,34583.37028906681,35679.98356394243
1762464703,500,,Aggregated,488.500000,0.000000,4,6,8,40,550,700,910,1100,11000,19000,35000,521370,5890,4,138.28980007866608,1.7451710300520062,34583.37028906681,35677.687429272875
1762464707,500,,Aggregated,488.500000,0.000000,4,6,8,40,550,700,910,1100,11000,19000,35000,521522,5890,4,138.27076592772266,1.7451710300520062,34583.37028906681,35679.34678690448
1762464708,500,,Aggregated,375.500000,0.000000,4,6,9,42,550,710,910,1100,11000,19000,35000,522459,5893,4,138.77278825343694,1.7451710300520062,34583.37028906681,35678.93069504019
1762464709,500,,Aggregated,329.300000,0.000000,4,6,9,42,550,710,920,1100,11000,19000,35000,522672,5893,4,138.8861890962651,1.7451710300520062,34583.37028906681,35688.198133820064
1762464710,500,,Aggregated,281.500000,0.000000,4,6,9,42,550,710,920,1100,11000,19000,35000,523140,5893,4,138.81591626175594,1.7451710300520062,34583.37028906681,35687.40489352754
1762464711,500,,Aggregated,329.300000,0.300000,4,6,9,42,550,710,920,1100,11000,19000,35000,523692,5893,4,138.82880318559424,1.7451710300520062,34583.37028906681,35687.497078435415
1762464712,500,,Aggregated,302.400000,0.300000,4,6,9,42,550,710,920,1100,11000,19000,35000,524103,5893,4,138.83754253655903,1.7451710300520062,34583.37028906681,35690.141994989535
1762464713,500,,Aggregated,301.500000,0.300000,4,6,9,42,550,710,920,1100,11000,19000,35000,524602,5893,4,138.784331518486,1.7451710300520062,34583.37028906681,35688.964634141696
1762464714,500,,Aggregated,311.300000,0.300000,4,6,9,42,550,710,920,1100,11000,19000,35000,525130,5893,4,138.73906473410713,1.7451710300520062,34583.37028906681,35682.96135813989
1762464715,500,,Aggregated,303.400000,0.300000,4,6,9,42,550,710,920,1100,11000,19000,35000,525604,5894,4,138.7173088183829,1.7451710300520062,34583.37028906681,35683.241967336624
1762464717,500,,Aggregated,360.800000,0.300000,4,6,9,42,550,710,910,1100,11000,19000,35000,526122,5895,4,138.63686132469527,1.7451710300520062,34583.37028906681,35676.53104413045
1762464718,500,,Aggregated,408.200000,0.400000,4,6,9,42,550,710,910,1100,11000,19000,35000,526622,5895,4,138.57615452195049,1.7451710300520062,34583.37028906681,35678.491747401364
1762464719,500,,Aggregated,459.400000,0.500000,4,6,9,42,550,710,910,1100,11000,19000,35000,527102,5895,4,138.51903684103837,1.7451710300520062,34583.37028906681,35677.64489415711
1762464720,500,,Aggregated,509.300000,0.500000,4,6,8,42,550,710,910,1100,11000,19000,35000,527546,5895,4,138.4759968226013,1.7451710300520062,34583.37028906681,35684.808329510604
1762464721,500,,Aggregated,461.400000,0.200000,4,6,8,42,550,710,910,1100,11000,19000,35000,528040,5895,4,138.43493978219925,1.7451710300520062,34583.37028906681,35680.33108287251
1762464722,500,,Aggregated,483.800000,0.200000,4,6,8,42,550,710,910,1100,11000,19000,35000,528510,5895,4,138.4022883291116,1.7451710300520062,34583.37028906681,35685.61434977579
1762464723,500,,Aggregated,486.400000,0.200000,4,6,8,42,550,710,910,1100,11000,19000,35000,528981,5897,4,138.38085826636612,1.7451710300520062,34583.37028906681,35684.65694230984
1762464724,500,,Aggregated,475.300000,0.200000,4,6,8,42,550,710,910,1100,11000,19000,35000,529447,5897,4,138.34328068349842,1.7451710300520062,34583.37028906681,35679.81393793902
1762464725,500,,Aggregated,481.400000,0.400000,4,6,8,42,550,710,910,1100,11000,19000,35000,529966,5897,4,138.31704016226385,1.7451710300520062,34583.37028906681,35679.31459754022
1762464726,500,,Aggregated,479.800000,0.400000,4,6,8,41,550,710,910,1100,11000,19000,35000,530406,5898,4,138.29788001171596,1.7451710300520062,34583.37028906681,35678.647045847894
1762464727,500,,Aggregated,479.400000,0.400000,4,6,8,41,550,710,910,1100,11000,19000,35000,530894,5898,4,138.249164381396,1.7451710300520062,34583.37028906681,35676.04389576827
1762464728,500,,Aggregated,473.700000,0.400000,4,6,8,41,550,710,910,1100,11000,19000,35000,531363,5898,4,138.2073465963242,1.7451710300520062,34583.37028906681,35672.26895926137
1762464729,500,,Aggregated,472.300000,0.300000,4,6,8,41,550,710,910,1100,11000,19000,35000,531867,5898,4,138.1817279397819,1.7451710300520062,34583.37028906681,35670.92257274845
1762464730,500,,Aggregated,468.100000,0.300000,4,6,8,41,550,710,910,1100,11000,19000,35000,532302,5898,4,138.14423665345277,1.7451710300520062,34583.37028906681,35672.44867011584
1762464731,500,,Aggregated,468.000000,0.300000,4,6,8,41,550,710,910,1100,11000,19000,35000,532833,5898,4,138.10395361557883,1.7451710300520062,34583.37028906681,35665.35037244315
1762464732,500,,Aggregated,469.900000,0.300000,4,6,8,41,550,710,910,1100,11000,19000,35000,533328,5898,4,138.05179190840138,1.7451710300520062,34583.37028906681,35665.921200462006
1762464733,500,,Aggregated,469.200000,0.300000,4,6,8,41,550,710,910,1100,11000,19000,35000,533793,5898,4,138.0102563051269,1.7451710300520062,34583.37028906681,35665.938496758106
1762464734,500,,Aggregated,476.600000,0.300000,4,6,8,41,550,710,910,1100,11000,19000,35000,534303,5898,4,137.97249808415418,1.7451710300520062,34583.37028906681,35666.52046497961
1762464735,500,,Aggregated,476.100000,0.100000,4,6,8,41,550,710,910,1100,11000,19000,35000,534789,5898,4,137.93261518089543,1.7451710300520062,34583.37028906681,35670.83151859893
1762464736,500,,Aggregated,476.700000,0.100000,4,6,8,41,550,710,910,1100,11000,19000,35000,535314,5898,4,137.89195176766307,1.7451710300520062,34583.37028906681,35671.52393735266
1762464737,500,,Aggregated,475.400000,0.100000,4,6,8,41,550,710,910,1100,11000,19000,35000,535762,5898,4,137.84919543018623,1.7451710300520062,34583.37028906681,35673.10163468107
1762464738,500,,Aggregated,483.400000,0.000000,4,6,8,41,550,710,910,1100,11000,19000,35000,536294,5898,4,137.80948217291416,1.7451710300520062,34583.37028906681,35662.69361581521
1762464739,500,,Aggregated,480.700000,0.000000,4,6,8,41,550,710,910,1100,11000,19000,35000,536809,5898,4,137.77881930735555,1.7451710300520062,34583.37028906681,35670.831651481254
1762464740,500,,Aggregated,484.200000,0.000000,4,6,8,41,550,710,910,1100,11000,19000,35000,537283,5898,4,137.7249861377049,1.7451710300520062,34583.37028906681,35669.91410857965
1762464741,500,,Aggregated,487.600000,0.000000,4,6,8,41,550,710,910,1100,11000,19000,35000,537707,5899,4,137.70984066484806,1.7451710300520062,34583.37028906681,35668.92975914392
1762464742,500,,Aggregated,490.100000,0.000000,4,6,8,41,550,710,910,1100,11000,19000,35000,538209,5899,4,137.69380652291414,1.7451710300520062,34583.37028906681,35667.26378228532
1762464743,500,,Aggregated,487.000000,0.100000,4,6,8,41,550,710,910,1100,11000,19000,35000,538671,5899,4,137.67136168921007,1.7451710300520062,34583.37028906681,35663.788562963295
1762464744,500,,Aggregated,486.600000,0.100000,4,6,8,41,550,710,910,1100,11000,19000,35000,539156,5900,4,137.62181341548265,1.7451710300520062,34583.37028906681,35662.09160057572
1762464745,500,,Aggregated,482.500000,0.100000,4,6,8,41,550,710,910,1100,11000,19000,35000,539637,5900,4,137.5812876907037,1.7451710300520062,34583.37028906681,35668.604059766105
1762464746,500,,Aggregated,482.900000,0.100000,4,6,8,41,550,710,910,1100,11000,19000,35000,540126,5900,4,137.53803564554002,1.7451710300520062,34583.37028906681,35668.637186508335
1762464747,500,,Aggregated,480.400000,0.200000,4,6,8,41,550,710,910,1100,11000,19000,35000,540592,5900,4,137.50046223986453,1.7451710300520062,34583.37028906681,35673.4399232693
1762464748,500,,Aggregated,478.100000,0.200000,4,6,8,40,550,710,910,1100,11000,19000,35000,541064,5900,4,137.4775880562772,1.7451710300520062,34583.37028906681,35670.29046841039
1762464749,500,,Aggregated,476.400000,0.200000,4,6,8,40,550,710,910,1100,11000,19000,35000,541553,5900,4,137.43988869951383,1.7451710300520062,34583.37028906681,35667.86448417791
1762464750,500,,Aggregated,473.800000,0.200000,4,6,8,40,550,710,910,1100,11000,19000,35000,541999,5901,4,137.40272140863115,1.7451710300520062,34583.37028906681,35666.9715829734
1762464751,500,,Aggregated,471.900000,0.200000,4,6,8,40,550,710,910,1100,11000,19000,35000,542517,5902,4,137.34380631020863,1.7451710300520062,34583.37028906681,35664.19796614668
1762464752,500,,Aggregated,470.500000,0.300000,4,6,8,40,550,710,910,1100,11000,19000,35000,542956,5902,4,137.3190318189219,1.7451710300520062,34583.37028906681,35663.37302470182
1762464753,500,,Aggregated,470.400000,0.300000,4,6,8,40,550,710,910,1100,11000,19000,35000,543477,5902,4,137.2830792146076,1.7451710300520062,34583.37028906681,35660.6180611139
1762464754,500,,Aggregated,465.800000,0.300000,4,6,8,40,550,710,910,1100,11000,19000,35000,543943,5902,4,137.23357258695876,1.7451710300520062,34583.37028906681,35657.77560700294
1762464755,500,,Aggregated,474.600000,0.300000,4,6,8,40,550,710,910,1100,11000,19000,35000,544450,5902,4,137.1852622539261,1.7451710300520062,34583.37028906681,35657.246411975386
1762464756,500,,Aggregated,476.000000,0.300000,4,6,8,40,550,710,910,1100,11000,19000,35000,544960,5902,4,137.1665264234781,1.7451710300520062,34583.37028906681,35653.31539195537
1762464757,500,,Aggregated,471.600000,0.200000,4,6,8,40,550,710,910,1100,11000,19000,35000,545352,5902,4,137.14028377115326,1.7451710300520062,34583.37028906681,35654.97704418431
1762464758,500,,Aggregated,475.500000,0.200000,4,6,8,40,550,710,910,1100,11000,19000,35000,545918,5902,4,137.0914738810552,1.7451710300520062,34583.37028906681,35650.944715140366
1762464759,500,,Aggregated,475.800000,0.200000,4,6,8,40,550,710,910,1100,11000,19000,35000,546381,5902,4,137.06078016069165,1.7451710300520062,34583.37028906681,35650.42522342468
1762464760,500,,Aggregated,478.500000,0.200000,4,6,8,40,550,710,910,1100,11000,19000,35000,546859,5902,4,137.03947598260032,1.7451710300520062,34583.37028906681,35650.318919502104
1762464761,500,,Aggregated,473.700000,0.200000,4,6,8,40,550,710,910,1100,11000,19000,35000,547350,5902,4,137.01003145426714,1.7451710300520062,34583.37028906681,35647.02532566
1762464762,500,,Aggregated,479.800000,0.100000,4,6,8,40,550,710,910,1100,11000,19000,35000,547832,5902,4,136.95886626688656,1.7451710300520062,34583.37028906681,35649.74535806598
1762464763,500,,Aggregated,480.700000,0.000000,4,6,8,40,550,710,910,1100,11000,19000,35000,548371,5902,4,136.91997767146393,1.7451710300520062,34583.37028906681,35643.65044103353
1762464764,500,,Aggregated,482.700000,0.000000,4,6,8,40,550,710,910,1100,11000,19000,35000,548794,5902,4,136.9144884467123,1.7451710300520062,34583.37028906681,35655.733193147156
1762464765,500,,Aggregated,476.900000,0.000000,4,6,8,40,550,710,910,1100,11000,19000,35000,549306,5902,4,136.881000257804,1.7451710300520062,34583.37028906681,35651.22054920209
1762464766,500,,Aggregated,479.700000,0.000000,4,6,8,39,550,710,910,1100,11000,19000,35000,549771,5902,4,136.83467035319762,1.7451710300520062,34583.37028906681,35649.825900238466
1762464767,500,,Aggregated,482.300000,0.000000,4,6,8,39,550,710,910,1100,11000,19000,35000,550254,5903,4,136.81116387207078,1.7451710300520062,34583.37028906681,35652.21392302464
1762464768,500,,Aggregated,478.400000,0.000000,4,6,8,39,550,710,910,1100,11000,19000,35000,550761,5903,4,136.75587303078453,1.7451710300520062,34583.37028906681,35654.48705336798
1762464769,500,,Aggregated,478.900000,0.000000,4,6,8,39,550,710,910,1100,11000,19000,35000,551228,5903,4,136.72775350671864,1.7451710300520062,34583.37028906681,35657.83229444078
1762464770,500,,Aggregated,483.700000,0.100000,4,6,8,39,550,710,910,1100,11000,19000,35000,551712,5903,4,136.69888952838917,1.7451710300520062,34583.37028906681,35656.30452663708
1762464771,500,,Aggregated,482.100000,0.100000,4,6,8,39,550,710,910,1100,11000,19000,35000,552212,5903,4,136.6703664085057,1.7451710300520062,34583.37028906681,35649.46677181952
1762464772,500,,Aggregated,479.000000,0.100000,4,6,8,39,550,710,910,1100,11000,19000,35000,552646,5903,4,136.6382667943434,1.7451710300520062,34583.37028906681,35649.48905809505
1762464773,500,,Aggregated,480.600000,0.100000,4,6,8,39,550,710,910,1100,11000,19000,35000,553174,5903,4,136.61519357803738,1.7451710300520062,34583.37028906681,35647.43762179712
1762464774,500,,Aggregated,479.700000,0.100000,4,6,8,39,550,710,910,1100,11000,19000,35000,553640,5903,4,136.58953138193635,1.7451710300520062,34583.37028906681,35647.600411819956
1762464775,500,,Aggregated,486.200000,0.100000,4,6,8,39,550,710,910,1100,11000,19000,35000,554134,5903,4,136.54427338994756,1.7451710300520062,34583.37028906681,35648.247425712914
1762464776,500,,Aggregated,477.700000,0.100000,4,6,8,39,550,710,910,1100,11000,19000,35000,554607,5903,4,136.5073938664528,1.7451710300520062,34583.37028906681,35646.11547095511
1762464777,500,,Aggregated,480.500000,0.100000,4,6,8,39,550,710,910,1100,11000,19000,35000,555081,5903,4,136.48839611629606,1.7451710300520062,34583.37028906681,35648.897825722735
1762464778,500,,Aggregated,479.700000,0.100000,4,6,8,39,550,710,910,1100,11000,19000,35000,555559,5903,4,136.4334068928816,1.7451710300520062,34583.37028906681,35649.63704485032
1762464779,500,,Aggregated,475.400000,0.100000,4,6,8,39,550,710,910,1100,11000,19000,35000,556025,5903,4,136.40538259210146,1.7451710300520062,34583.37028906681,35646.407177734814
1762464780,500,,Aggregated,471.300000,0.000000,4,6,8,39,550,700,910,1100,11000,19000,35000,556518,5903,4,136.35886682910223,1.7451710300520062,34583.37028906681,35641.51771730654
1762464781,500,,Aggregated,478.900000,0.000000,4,6,8,39,550,710,910,1100,11000,19000,35000,556955,5903,4,136.34983924678428,1.7451710300520062,34583.37028906681,35640.817306604666
1762464782,500,,Aggregated,471.400000,0.000000,4,6,8,39,550,710,910,1100,11000,19000,35000,557431,5903,4,136.3404328753453,1.7451710300520062,34583.37028906681,35644.37443378643
1762464783,500,,Aggregated,471.400000,0.000000,4,6,8,39,550,710,910,1100,11000,19000,35000,557877,5903,4,136.3335688870155,1.7451710300520062,34583.37028906681,35642.3341847755
1762464784,500,,Aggregated,471.800000,0.000000,4,6,8,39,550,710,910,1100,11000,19000,35000,558400,5903,4,136.32665758072318,1.7451710300520062,34583.37028906681,35652.149706303724
1762464785,500,,Aggregated,463.400000,0.000000,4,6,8,39,550,710,910,1100,11000,19000,35000,558889,5903,4,136.27601048891563,1.7451710300520062,34583.37028906681,35646.69276546864
1762464786,500,,Aggregated,465.300000,0.000000,4,6,8,39,550,710,910,1100,11000,19000,35000,559336,5903,4,136.2544176066828,1.7451710300520062,34583.37028906681,35640.298993806944
1762464787,500,,Aggregated,468.100000,0.000000,4,6,8,39,550,710,910,1100,11000,19000,35000,559818,5903,4,136.2304367734814,1.7451710300520062,34583.37028906681,35638.17874380602
1762464788,500,,Aggregated,465.600000,0.000000,4,6,8,38,550,700,910,1100,11000,19000,35000,560323,5903,4,136.18067419106478,1.7451710300520062,34583.37028906681,35631.6107869925
1762464789,500,,Aggregated,473.300000,0.000000,4,6,8,38,550,700,910,1100,11000,19000,35000,560753,5903,4,136.16302877924457,1.7451710300520062,34583.37028906681,35634.20664891673
1762464790,500,,Aggregated,470.300000,0.000000,4,6,8,38,550,710,910,1100,11000,19000,35000,561281,5903,4,136.18765592722335,1.7451710300520062,34583.37028906681,35637.1774886376
1762464791,500,,Aggregated,469.100000,0.000000,4,6,8,38,550,710,910,1100,11000,19000,35000,561779,5903,4,136.17412617502956,1.7451710300520062,34583.37028906681,35641.3302188227
1762464792,500,,Aggregated,472.800000,0.000000,4,6,8,38,550,710,910,1100,11000,19000,35000,562238,5903,4,136.15733469050272,1.7451710300520062,34583.37028906681,35639.47107808437
1762464793,500,,Aggregated,472.500000,0.000000,4,6,8,38,550,710,910,1100,11000,19000,35000,562721,5903,4,136.1209395074628,1.7451710300520062,34583.37028906681,35640.55272861684
1762464794,500,,Aggregated,472.600000,0.000000,4,6,8,38,550,710,910,1100,11000,19000,35000,563189,5903,4,136.07898409771644,1.7451710300520062,34583.37028906681,35640.21730538061
1762464795,500,,Aggregated,475.000000,0.000000,4,6,8,38,550,710,910,1100,11000,19000,35000,563706,5903,4,136.0650692995637,1.7451710300520062,34583.37028906681,35641.97633340784
1762464796,500,,Aggregated,477.600000,0.000000,4,6,8,38,550,700,910,1100,11000,19000,35000,564149,5903,4,136.02424497359414,1.7451710300520062,34583.37028906681,35648.62382278441
1762464797,500,,Aggregated,471.100000,0.000000,4,6,8,38,550,710,910,1100,11000,19000,35000,564656,5903,4,136.01643054275078,1.7451710300520062,34583.37028906681,35640.73543538013
1762464798,500,,Aggregated,479.300000,0.000000,4,6,8,38,550,710,910,1100,11000,19000,35000,565139,5903,4,135.97171289363888,1.7451710300520062,34583.37028906681,35639.55073884478
1762464799,500,,Aggregated,472.900000,0.000000,4,6,8,38,550,710,910,1100,11000,19000,35000,565601,5903,4,135.9554856766255,1.7451710300520062,34583.37028906681,35632.58399649223
1762464800,500,,Aggregated,477.300000,0.000000,4,6,8,38,550,710,910,1100,11000,19000,35000,566092,5903,4,135.93786478908007,1.7451710300520062,34583.37028906681,35634.280320159975
1762464801,500,,Aggregated,476.700000,0.000000,4,6,8,38,550,700,910,1100,11000,19000,35000,566590,5904,4,135.881274592098,1.7451710300520062,34583.37028906681,35627.768529271605
1762464802,500,,Aggregated,476.000000,0.000000,4,6,8,38,550,700,910,1100,11000,19000,35000,567007,5904,4,135.8454987481355,1.7451710300520062,34583.37028906681,35632.75622523179
1762464804,500,,Aggregated,476.200000,0.000000,4,6,8,38,550,700,910,1100,11000,19000,35000,567513,5904,4,135.81072693007124,1.7451710300520062,34583.37028906681,35624.187812437776
1762464805,500,,Aggregated,471.500000,0.100000,4,6,8,38,550,700,910,1100,11000,19000,35000,568006,5904,4,135.78728243133867,1.7451710300520062,34583.37028906681,35626.12975038996
1762464806,500,,Aggregated,475.000000,0.100000,4,6,8,38,540,700,910,1100,11000,19000,35000,568484,5904,4,135.76328289572365,1.7451710300520062,34583.37028906681,35631.063248921695
1762464807,500,,Aggregated,477.600000,0.100000,4,5,8,38,550,700,910,1100,11000,19000,35000,569019,5904,4,135.7606732897739,1.7451710300520062,34583.37028906681,35628.38446167878
1762464808,500,,Aggregated,472.300000,0.100000,4,5,8,38,540,700,910,1100,11000,19000,35000,569494,5904,4,135.72009125480014,1.7451710300520062,34583.37028906681,35625.593581319554
1762464809,500,,Aggregated,482.500000,0.100000,4,5,8,38,540,700,910,1100,11000,19000,35000,569974,5904,4,135.68571071166122,1.7451710300520062,34583.37028906681,35627.54009832027
1762464810,500,,Aggregated,477.900000,0.100000,4,5,8,38,550,710,910,1100,11000,19000,35000,570477,5904,4,135.66678428286582,1.7451710300520062,34583.37028906681,35619.79036490516
1762464811,500,,Aggregated,477.500000,0.100000,4,5,8,38,550,710,910,1100,11000,19000,35000,570924,5904,4,135.63608391940386,1.7451710300520062,34583.37028906681,35620.378498714366
1762464812,500,,Aggregated,482.600000,0.100000,4,5,8,38,550,710,910,1100,11000,19000,35000,571428,5904,4,135.60985627578384,1.7451710300520062,34583.37028906681,35626.26404901405
1762464813,500,,Aggregated,479.100000,0.100000,4,5,8,38,550,710,910,1100,11000,19000,35000,571899,5904,4,135.58724211778085,1.7451710300520062,34583.37028906681,35621.952335989394
1762464814,500,,Aggregated,478.000000,0.000000,4,5,8,38,550,710,910,1100,11000,19000,35000,572419,5904,4,135.54627595576017,1.7451710300520062,34583.37028906681,35616.428118214106
1762464815,500,,Aggregated,487.100000,0.000000,4,5,8,38,550,700,910,1100,11000,19000,35000,572910,5904,4,135.50873362535702,1.7451710300520062,34583.37028906681,35619.457762999424
1762464816,500,,Aggregated,484.900000,0.000000,4,5,8,38,550,700,910,1100,11000,19000,35000,573342,5904,4,135.4795337065663,1.7451710300520062,34583.37028906681,35622.37776580121
1762464817,500,,Aggregated,485.600000,0.000000,4,5,8,38,550,700,910,1100,11000,19000,35000,573867,5904,4,135.4321781845493,1.7451710300520062,34583.37028906681,35612.869586506975
1762464818,500,,Aggregated,480.200000,0.000000,4,5,8,38,550,700,910,1100,11000,19000,35000,574345,5904,4,135.39115570114578,1.7451710300520062,34583.37028906681,35613.05596984391
1762464819,500,,Aggregated,479.900000,0.000000,4,5,8,38,550,700,910,1100,11000,19000,35000,574839,5904,4,135.35763524806129,1.7451710300520062,34583.37028906681,35611.83368212665
1762464820,500,,Aggregated,480.700000,0.000000,4,5,8,37,550,700,910,1100,11000,19000,35000,575324,5904,4,135.3230898439788,1.7451710300520062,34583.37028906681,35616.53567554978
1762464821,500,,Aggregated,478.500000,0.000000,4,5,8,37,550,700,910,1100,11000,19000,35000,575785,5904,4,135.30676465657226,1.7451710300520062,34583.37028906681,35614.209586911784
1762464822,500,,Aggregated,479.700000,0.000000,4,5,8,37,550,700,910,1100,11000,19000,35000,576304,5904,4,135.26390134998638,1.7451710300520062,34583.37028906681,35617.41613801049
1762464823,500,,Aggregated,475.800000,0.000000,4,5,8,37,550,700,910,1100,11000,19000,35000,576781,5904,4,135.22493449135987,1.7451710300520062,34583.37028906681,35621.18284062755
1762464824,500,,Aggregated,483.000000,0.000000,4,5,8,37,550,700,910,1100,11000,19000,35000,577277,5904,4,135.16853843079343,1.7451710300520062,34583.37028906681,35619.52746082037
1762464825,500,,Aggregated,480.200000,0.000000,4,5,8,37,540,700,910,1100,11000,19000,35000,577739,5904,4,135.12184780597659,1.7451710300520062,34583.37028906681,35622.600418181915
1762464826,500,,Aggregated,480.500000,0.000000,4,5,8,37,550,700,910,1100,11000,19000,35000,578225,5904,4,135.0993809109265,1.7451710300520062,34583.37028906681,35620.93595572658
1762464827,500,,Aggregated,473.600000,0.000000,4,5,8,37,550,700,910,1100,11000,19000,35000,578710,5904,4,135.056576312759,1.7451710300520062,34583.37028906681,35626.10872112111
1762464828,500,,Aggregated,484.900000,0.000000,4,5,8,37,550,700,910,1100,11000,19000,35000,579212,5905,4,135.04748575427436,1.7451710300520062,34583.37028906681,35623.94853870431
1762464829,500,,Aggregated,475.400000,0.000000,4,5,8,37,550,700,910,1100,11000,19000,35000,579694,5905,4,135.00531192390613,1.7451710300520062,34583.37028906681,35622.49137130969
1762464830,500,,Aggregated,478.600000,0.000000,4,5,8,37,550,700,910,1100,11000,19000,35000,580189,5905,4,134.97914313979228,1.7451710300520062,34583.37028906681,35619.104183291995
1762464831,500,,Aggregated,482.900000,0.100000,4,5,8,37,550,700,910,1100,11000,19000,35000,580658,5905,4,134.96334461572417,1.7451710300520062,34583.37028906681,35617.24168615605
1762464832,500,,Aggregated,476.600000,0.100000,4,5,8,37,550,700,910,1100,11000,19000,35000,581145,5905,4,134.91442691877396,1.7451710300520062,34583.37028906681,35616.31596073269
1762464833,500,,Aggregated,488.300000,0.100000,4,5,8,37,550,700,910,1100,11000,19000,35000,581645,5905,4,134.87873447616602,1.7451710300520062,34583.37028906681,35619.8027869233
1762464834,500,,Aggregated,478.300000,0.100000,4,5,8,37,550,700,910,1100,11000,19000,35000,582140,5905,4,134.84402066092412,1.7451710300520062,34583.37028906681,35624.295812003984
1762464835,500,,Aggregated,478.300000,0.100000,4,5,8,37,550,700,910,1100,11000,19000,35000,582612,5905,4,134.80552918052135,1.7451710300520062,34583.37028906681,35619.46493721379
1762464836,500,,Aggregated,480.300000,0.100000,4,5,8,37,540,700,910,1100,11000,19000,35000,583060,5905,4,134.76660443975152,1.7451710300520062,34583.37028906681,35619.11776146537
1762464837,500,,Aggregated,486.000000,0.100000,4,5,8,37,550,700,910,1100,11000,19000,35000,583556,5905,4,134.7469476356849,1.7451710300520062,34583.37028906681,35616.825655121356
1762464838,500,,Aggregated,478.500000,0.100000,4,5,8,37,550,700,910,1100,11000,19000,35000,584005,5905,4,134.70553044436096,1.7451710300520062,34583.37028906681,35621.05600979444
1762464839,500,,Aggregated,481.000000,0.100000,4,5,8,37,550,700,910,1100,11000,19000,35000,584526,5905,4,134.662103646484,1.7451710300520062,34583.37028906681,35618.05356819029
1762464840,500,,Aggregated,476.200000,0.100000,4,5,8,37,550,700,910,1100,11000,19000,35000,584991,5905,4,134.63462856063117,1.7451710300520062,34583.37028906681,35623.76120316381
1762464841,500,,Aggregated,476.100000,0.000000,4,5,8,37,540,700,910,1100,11000,19000,35000,585474,5905,4,134.5886986535622,1.7451710300520062,34583.37028906681,35614.939925598745
1762464842,500,,Aggregated,479.900000,0.000000,4,5,8,37,550,700,910,1100,11000,19000,35000,585947,5909,4,134.5775246380267,1.7451710300520062,34583.37028906681,35618.13826506493
1762464843,500,,Aggregated,471.200000,0.000000,4,5,8,36,540,700,910,1100,11000,19000,35000,586422,5909,4,134.52525835670377,1.7451710300520062,34583.37028906681,35617.336997929815
1762464844,500,,Aggregated,476.700000,0.400000,4,5,8,36,540,700,910,1100,11000,19000,35000,586904,5909,4,134.51284248695168,1.7451710300520062,34583.37028906681,35620.89489933618
1762464845,500,,Aggregated,472.700000,0.400000,4,5,8,36,540,700,910,1100,11000,19000,35000,587339,5909,4,134.4817237749776,1.7451710300520062,34583.37028906681,35620.642635683995
1762464846,500,,Aggregated,469.500000,0.400000,4,5,8,36,540,700,910,1100,11000,19000,35000,587845,5909,4,134.44717932832597,1.7451710300520062,34583.37028906681,35620.67918754093
1762464847,500,,Aggregated,468.500000,0.400000,4,5,8,36,540,700,910,1100,11000,19000,35000,588330,5909,4,134.43600227845624,1.7451710300520062,34583.37028906681,35618.537173015146
1762464848,500,,Aggregated,472.800000,0.400000,4,5,8,36,540,700,910,1100,11000,19000,35000,588806,5909,4,134.40173222740293,1.7451710300520062,34583.37028906681,35619.769059758226
1762464849,500,,Aggregated,473.400000,0.400000,4,5,8,36,540,700,910,1100,11000,19000,35000,589281,5909,4,134.3740513886975,1.7451710300520062,34583.37028906681,35613.36362448475
1762464850,500,,Aggregated,475.400000,0.400000,4,5,8,36,540,700,910,1100,11000,19000,35000,589754,5909,4,134.35124609341744,1.7451710300520062,34583.37028906681,35608.75623395517
1762464851,500,,Aggregated,470.900000,0.400000,4,5,8,36,540,700,910,1100,11000,19000,35000,590235,5909,4,134.35565439213485,1.7451710300520062,34583.37028906681,35617.05372436402
1762464852,500,,Aggregated,469.500000,0.400000,4,5,8,36,540,700,910,1100,11000,19000,35000,590732,5909,4,134.3148417557036,1.7451710300520062,34583.37028906681,35619.01482736672
1762464853,500,,Aggregated,472.600000,0.400000,4,5,8,36,540,700,910,1100,11000,19000,35000,591233,5909,4,134.2767749736008,1.7451710300520062,34583.37028906681,35614.66629738191
1762464854,500,,Aggregated,471.700000,0.000000,4,5,8,36,540,700,910,1100,11000,19000,35000,591768,5909,4,134.2499496053832,1.7451710300520062,34583.37028906681,35613.19958666234
1762464855,500,,Aggregated,476.400000,0.000000,4,5,8,36,540,700,910,1100,11000,19000,35000,592227,5909,4,134.1917728501337,1.7451710300520062,34583.37028906681,35616.18969753152
1762464856,500,,Aggregated,482.200000,0.000000,4,5,8,36,540,700,910,1100,11000,19000,35000,592739,5909,4,134.16344202963458,1.7451710300520062,34583.37028906681,35608.180023585424
1762464857,500,,Aggregated,486.400000,0.000000,4,5,8,36,540,700,910,1100,11000,19000,35000,593201,5909,4,134.12275967669842,1.7451710300520062,34583.37028906681,35608.550246880906
1762464858,500,,Aggregated,481.700000,0.000000,4,5,8,36,540,700,910,1100,11000,19000,35000,593681,5909,4,134.074269512225,1.7451710300520062,34583.37028906681,35606.59308618602
1762464859,500,,Aggregated,481.600000,0.000000,4,5,8,36,540,700,910,1100,11000,19000,35000,594150,5909,4,134.06953678466155,1.7451710300520062,34583.37028906681,35609.25285533956
1762464860,500,,Aggregated,480.900000,0.000000,4,5,8,36,540,700,910,1100,11000,19000,35000,594632,5909,4,134.03960778626603,1.7451710300520062,34583.37028906681,35606.39522427316
1762464861,500,,Aggregated,482.900000,0.000000,4,5,8,36,540,700,910,1100,11000,19000,35000,595108,5909,4,134.02090865765146,1.7451710300520062,34583.37028906681,35610.85206718781
1762464862,500,,Aggregated,482.100000,0.000000,4,5,8,36,540,700,910,1100,11000,19000,35000,595598,5909,4,133.98502304524362,1.7451710300520062,34583.37028906681,35613.51980866289
1762464863,500,,Aggregated,484.100000,0.000000,4,5,8,36,540,700,910,1100,11000,19000,35000,596112,5909,4,133.94914722696785,1.7451710300520062,34583.37028906681,35609.79751791609
1762464864,500,,Aggregated,479.500000,0.000000,4,5,8,36,540,700,910,1100,11000,19000,35000,596574,5909,4,133.9286419699658,1.7451710300520062,34583.37028906681,35615.38143633481
1762464865,500,,Aggregated,480.100000,0.000000,4,5,8,36,540,700,910,1100,11000,19000,35000,597070,5909,4,133.89352402059467,1.7451710300520062,34583.37028906681,35617.92438742526
1762464866,500,,Aggregated,475.900000,0.000000,4,5,8,35,540,700,910,1100,11000,19000,35000,597571,5909,4,133.85314789653756,1.7451710300520062,34583.37028906681,35617.55926743433
1762464867,500,,Aggregated,474.900000,0.000000,4,5,8,35,540,700,910,1100,11000,19000,35000,598040,5909,4,133.81341981429694,1.7451710300520062,34583.37028906681,35615.68245769514
1762464868,500,,Aggregated,477.400000,0.000000,4,5,8,35,540,700,910,1100,11000,19000,35000,598554,5909,4,133.7682710397374,1.7451710300520062,34583.37028906681,35615.29042492407
1762464869,500,,Aggregated,477.900000,0.000000,4,5,8,35,540,700,910,1100,11000,19000,35000,599022,5909,4,133.7322843735695,1.7451710300520062,34583.37028906681,35614.24247690402
1762464870,500,,Aggregated,480.300000,0.000000,4,5,8,35,540,700,910,1100,11000,19000,35000,599489,5909,4,133.70176193699865,1.7451710300520062,34583.37028906681,35610.102610723465
1762464871,500,,Aggregated,483.200000,0.000000,4,5,8,35,540,700,910,1100,11000,19000,35000,599986,5909,4,133.66833443727228,1.7451710300520062,34583.37028906681,35606.19748127456
1762464872,500,,Aggregated,480.100000,0.000000,4,5,8,35,540,700,910,1100,11000,19000,35000,600463,5909,4,133.6439169282752,1.7451710300520062,34583.37028906681,35606.196288530686
1762464873,500,,Aggregated,476.600000,0.000000,4,5,8,35,540,700,910,1100,11000,19000,35000,600913,5909,4,133.6093943351085,1.7451710300520062,34583.37028906681,35607.61517224623
1762464874,500,,Aggregated,481.400000,0.000000,4,5,8,35,540,700,910,1100,11000,19000,35000,601467,5909,4,133.57324932242588,1.7451710300520062,34583.37028906681,35609.303356626384
1762464875,500,,Aggregated,481.600000,0.000000,4,5,8,35,540,700,910,1100,11000,19000,35000,601908,5909,4,133.54904109746323,1.7451710300520062,34583.37028906681,35608.898954657525
1762464876,500,,Aggregated,478.000000,0.000000,4,5,8,35,540,700,910,1100,11000,19000,35000,602389,5909,4,133.52765316081502,1.7451710300520062,34583.37028906681,35605.02004352669
1762464877,500,,Aggregated,480.100000,0.000000,4,5,8,35,540,700,910,1100,11000,19000,35000,602852,5909,4,133.48873460602366,1.7451710300520062,34583.37028906681,35606.07535348643
1762464878,500,,Aggregated,479.900000,0.000000,4,5,8,35,540,700,910,1100,11000,19000,35000,603351,5909,4,133.47023706418454,1.7451710300520062,34583.37028906681,35604.50801109139
1762464879,500,,Aggregated,476.600000,0.000000,4,5,8,35,540,700,910,1100,11000,19000,35000,603771,5909,4,133.460549744149,1.7451710300520062,34583.37028906681,35604.96240627655
1762464880,500,,Aggregated,476.000000,0.000000,4,5,8,35,540,700,910,1100,11000,19000,35000,604304,5910,4,133.42823059092635,1.7451710300520062,34583.37028906681,35602.170745187854
1762464881,500,,Aggregated,472.100000,0.000000,4,5,8,35,540,700,910,1100,11000,19000,35000,604748,5910,4,133.39690126737221,1.7451710300520062,34583.37028906681,35602.208688577724
1762464882,500,,Aggregated,469.600000,0.000000,4,5,8,35,540,700,910,1100,11000,19000,35000,605246,5910,4,133.35829652825822,1.7451710300520062,34583.37028906681,35608.682961969185
1762464883,500,,Aggregated,474.800000,0.100000,4,5,8,35,540,700,910,1100,11000,19000,35000,605737,5910,4,133.32554086759023,1.7451710300520062,34583.37028906681,35605.35342070899
1762464884,500,,Aggregated,470.600000,0.100000,4,5,8,35,540,700,910,1100,11000,19000,35000,606217,5910,4,133.31672817655115,1.7451710300520062,34583.37028906681,35604.114917595514
1762464885,500,,Aggregated,471.300000,0.100000,4,5,8,35,540,700,910,1100,11000,19000,35000,606706,5910,4,133.27244543105795,1.7451710300520062,34583.37028906681,35598.41007506107
1762464886,500,,Aggregated,473.900000,0.100000,4,5,8,35,540,700,910,1100,11000,19000,35000,607176,5910,4,133.23897283163757,1.7451710300520062,34583.37028906681,35600.6595698776
1762464887,500,,Aggregated,470.300000,0.100000,4,5,8,35,540,700,910,1100,11000,19000,35000,607663,5910,4,133.23754529361202,1.7451710300520062,34583.37028906681,35597.5414415556
1762464888,500,,Aggregated,471.400000,0.100000,4,5,8,35,540,700,910,1100,11000,19000,35000,608133,5910,4,133.21216187777145,1.7451710300520062,34583.37028906681,35595.796852004416
1762464889,500,,Aggregated,475.100000,0.100000,4,5,8,35,540,700,910,1100,11000,19000,35000,608628,5910,4,133.1912240238897,1.7451710300520062,34583.37028906681,35596.32472051894
1762464891,500,,Aggregated,473.800000,0.100000,4,5,8,35,540,700,910,1100,11000,19000,35000,609143,5910,4,133.1467963251742,1.7451710300520062,34583.37028906681,35594.61481950872
1762464892,500,,Aggregated,480.700000,0.100000,4,5,8,35,540,700,910,1100,11000,19000,35000,609607,5910,4,133.1173807142337,1.7451710300520062,34583.37028906681,35596.74712232635
1762464893,500,,Aggregated,480.800000,0.000000,4,5,8,34,540,700,910,1100,11000,19000,35000,610101,5910,4,133.10572119197388,1.7451710300520062,34583.37028906681,35593.05722331221
1762464894,500,,Aggregated,480.800000,0.000000,4,5,8,34,540,700,910,1100,11000,19000,35000,610578,5910,4,133.07013308222184,1.7451710300520062,34583.37028906681,35592.87293187766
1762464895,500,,Aggregated,481.000000,0.000000,4,5,8,34,540,700,910,1100,11000,19000,35000,611051,5910,4,133.038208481491,1.7451710300520062,34583.37028906681,35594.51533669039
1762464896,500,,Aggregated,479.300000,0.000000,4,5,8,34,540,700,910,1100,11000,19000,35000,611545,5910,4,133.00440602874627,1.7451710300520062,34583.37028906681,35588.27053610118
1762464897,500,,Aggregated,477.900000,0.000000,4,5,8,34,540,700,910,1100,11000,19000,35000,612016,5910,4,132.9919464302809,1.7451710300520062,34583.37028906681,35591.22796626232
1762464898,500,,Aggregated,478.500000,0.000000,4,5,8,34,540,700,910,1100,11000,19000,35000,612516,5910,4,132.95014251996926,1.7451710300520062,34583.37028906681,35587.25196403033
1762464899,500,,Aggregated,476.100000,0.000000,4,5,8,34,540,700,910,1100,11000,19000,35000,612941,5910,4,132.9145911368336,1.7451710300520062,34583.37028906681,35589.4984933297
1762464900,500,,Aggregated,477.100000,0.000000,4,5,8,34,540,700,910,1100,11000,19000,35000,613458,5910,4,132.89929433862548,1.7451710300520062,34583.37028906681,35592.4476883503
1762464901,500,,Aggregated,474.900000,0.000000,4,5,8,34,540,700,910,1100,11000,19000,35000,613946,5910,4,132.86545116450603,1.7451710300520062,34583.37028906681,35590.1847670642
1762464902,500,,Aggregated,477.200000,0.000000,4,5,8,34,540,700,910,1100,11000,19000,35000,614455,5910,4,132.8219228492237,1.7451710300520062,34583.37028906681,35587.60083000382
1762464903,500,,Aggregated,475.600000,0.000000,4,5,8,34,540,700,910,1100,11000,19000,35000,614943,5910,4,132.81306076080853,1.7451710300520062,34583.37028906681,35593.19510914019
1762464904,500,,Aggregated,480.400000,0.000000,4,5,8,34,540,700,910,1100,11000,19000,35000,615405,5910,4,132.7820341811682,1.7451710300520062,34583.37028906681,35594.26118409828
1762464905,500,,Aggregated,477.600000,0.000000,4,5,8,34,540,700,910,1100,11000,19000,35000,615890,5910,4,132.76748849932252,1.7451710300520062,34583.37028906681,35590.91798048353
1762464906,500,,Aggregated,476.200000,0.000000,4,5,8,34,540,700,910,1100,11000,19000,35000,616374,5910,4,132.75472302520683,1.7451710300520062,34583.37028906681,35594.07293461437
1762464907,500,,Aggregated,478.100000,0.000000,4,5,8,34,540,700,910,1100,11000,19000,35000,616833,5910,4,132.73823781208213,1.7451710300520062,34583.37028906681,35592.057072173506
1762464908,500,,Aggregated,476.900000,0.000000,4,5,8,34,540,700,910,1100,11000,19000,35000,617324,5910,4,132.7311011635654,1.7451710300520062,34583.37028906681,35589.444047210214
1762464909,500,,Aggregated,476.000000,0.000000,4,5,8,34,540,700,910,1100,11000,19000,35000,617821,5910,4,132.6935335483222,1.7451710300520062,34583.37028906681,35587.09814331336
1762464910,500,,Aggregated,476.300000,0.000000,4,5,8,34,540,700,910,1100,11000,19000,35000,618308,5910,4,132.66912072336294,1.7451710300520062,34583.37028906681,35588.76153793902
1762464911,500,,Aggregated,482.200000,0.000000,4,5,8,34,540,700,910,1100,11000,19000,35000,618803,5910,4,132.64077439176674,1.7451710300520062,34583.37028906681,35581.5055809361
1762464912,500,,Aggregated,482.000000,0.000000,4,5,8,34,540,700,910,1100,11000,19000,35000,619256,5910,4,132.60958441859407,1.7451710300520062,34583.37028906681,35584.046610771635
1762464913,500,,Aggregated,479.500000,0.000000,4,5,8,34,540,700,910,1100,11000,19000,35000,619784,5910,4,132.59120224024105,1.7451710300520062,34583.37028906681,35582.71436016419
1762464914,500,,Aggregated,476.300000,0.000000,4,5,8,34,540,700,910,1100,11000,19000,35000,620206,5910,4,132.54828753474632,1.7451710300520062,34583.37028906681,35580.45257059751
1762464915,500,,Aggregated,478.600000,0.000000,4,5,8,34,540,700,910,1100,11000,19000,35000,620695,5910,4,132.53320564422174,1.7451710300520062,34583.37028906681,35581.38643939455
1762464916,500,,Aggregated,480.300000,0.000000,4,5,8,34,540,700,910,1100,11000,19000,35000,621164,5910,4,132.51501596054283,1.7451710300520062,34583.37028906681,35573.537991577105
1762464917,500,,Aggregated,473.000000,0.000000,4,5,8,34,540,700,910,1100,11000,19000,35000,621586,5910,4,132.4868085092414,1.7451710300520062,34583.37028906681,35570.89781140502
1762464918,500,,Aggregated,472.600000,0.000000,4,5,8,34,540,700,910,1100,11000,19000,35000,622095,5910,4,132.4577122032519,1.7451710300520062,34583.37028906681,35569.40479508757
1762464919,500,,Aggregated,476.900000,0.000000,4,5,8,34,540,700,910,1100,11000,19000,35000,622584,5910,4,132.48855659301253,1.7451710300520062,34583.37028906681,35569.38070204181
1762464920,500,,Aggregated,473.900000,0.000000,4,5,8,33,540,700,910,1100,11000,19000,35000,623061,5910,4,132.47423195701666,1.7451710300520062,34583.37028906681,35571.555850871744
1762464921,500,,Aggregated,469.900000,0.000000,4,5,8,33,540,700,910,1100,11000,19000,35000,623573,5910,4,132.454520838674,1.7451710300520062,34583.37028906681,35568.989759017786
1762464922,500,,Aggregated,467.800000,0.000000,4,5,8,33,540,700,910,1100,11000,19000,35000,624016,5910,4,132.41424551713325,1.7451710300520062,34583.37028906681,35568.93503692213
1762464923,500,,Aggregated,468.900000,0.000000,4,5,8,33,540,700,910,1100,11000,19000,35000,624525,5910,4,132.42158770197992,1.7451710300520062,34583.37028906681,35570.73890556823
1762464924,500,,Aggregated,468.600000,0.000000,4,5,8,33,540,700,910,1100,11000,19000,35000,624987,5910,4,132.40075508384388,1.7451710300520062,34583.37028906681,35572.166147455864
1762464925,500,,Aggregated,468.400000,0.000000,4,5,8,33,540,700,910,1100,11000,19000,35000,625452,5910,4,132.37216621214048,1.7451710300520062,34583.37028906681,35575.66928877036
1762464926,500,,Aggregated,471.000000,0.000000,4,5,8,33,540,700,910,1100,11000,19000,35000,625916,5910,4,132.37374531055949,1.7451710300520062,34583.37028906681,35577.2751567303
1762464927,500,,Aggregated,474.100000,0.000000,4,5,8,33,540,700,910,1100,11000,19000,35000,626407,5910,4,132.35422974952303,1.7451710300520062,34583.37028906681,35584.687080444506
1762464928,500,,Aggregated,473.500000,0.000000,4,5,8,33,540,700,910,1100,11000,19000,35000,626904,5910,4,132.37676478744896,1.7451710300520062,34583.37028906681,35577.17700955808
1762464929,500,,Aggregated,472.600000,0.000000,4,5,8,33,540,700,910,1100,11000,19000,35000,627373,5910,4,132.35844514076516,1.7451710300520062,34583.37028906681,35582.982555832015
1762464930,500,,Aggregated,470.000000,0.000000,4,5,8,33,540,700,910,1100,11000,19000,35000,627826,5910,4,132.32405877454428,1.7451710300520062,34583.37028906681,35586.707289917904
1762464931,500,,Aggregated,474.500000,0.000000,4,5,8,33,540,700,910,1100,11000,19000,35000,628304,5910,4,132.28741724381578,1.7451710300520062,34583.37028906681,35588.172099811556
1762464932,500,,Aggregated,472.400000,0.000000,4,5,8,33,540,700,910,1100,11000,19000,35000,628810,5910,4,132.28305889744894,1.7451710300520062,34583.37028906681,35591.25165948379
1762464933,500,,Aggregated,472.200000,0.000000,4,5,8,33,540,700,910,1100,11000,19000,35000,629297,5910,4,132.24671942722514,1.7451710300520062,34583.37028906681,35591.544132579686
1762464934,500,,Aggregated,471.600000,0.000000,4,5,8,33,540,700,910,1100,11000,19000,35000,629793,5910,4,132.2168745491124,1.7451710300520062,34583.37028906681,35588.62289196609
1762464935,500,,Aggregated,471.400000,0.000000,4,5,8,33,540,700,910,1100,11000,19000,35000,630254,5910,4,132.1875301238454,1.7451710300520062,34583.37028906681,35586.54576884875
1762464936,500,,Aggregated,473.400000,0.000000,4,5,8,33,540,700,910,1100,11000,19000,35000,630738,5910,4,132.1609954537933,1.7451710300520062,34583.37028906681,35584.86633911386
1762464937,500,,Aggregated,472.900000,0.000000,4,5,8,33,540,700,910,1100,11000,19000,35000,631205,5910,4,132.14224504155922,1.7451710300520062,34583.37028906681,35584.916344135425
1762464938,500,,Aggregated,475.000000,0.000000,4,5,8,33,540,700,910,1100,11000,19000,35000,631680,5910,4,132.13194882855976,1.7451710300520062,34583.37028906681,35588.9194956307
1762464939,500,,Aggregated,472.500000,0.000000,4,5,8,33,540,700,910,1100,11000,19000,35000,632182,5910,4,132.0939813081909,1.7451710300520062,34583.37028906681,35588.44588425485
1762464940,500,,Aggregated,476.700000,0.000000,4,5,8,33,540,700,910,1100,11000,19000,35000,632700,5910,4,132.06871886704974,1.7451710300520062,34583.37028906681,35586.37886360044
1762464941,500,,Aggregated,476.000000,0.000000,4,5,8,33,540,700,910,1100,11000,19000,35000,633146,5910,4,132.04171703323644,1.7451710300520062,34583.37028906681,35586.10757076567
1762464942,500,,Aggregated,476.300000,0.000000,4,5,8,33,540,700,910,1100,11000,19000,35000,633615,5910,4,132.0203915388625,1.7451710300520062,34583.37028906681,35586.37852323572
1762464943,500,,Aggregated,475.500000,0.000000,4,5,8,32,540,700,910,1100,11000,19000,35000,634142,5910,4,131.9725571173126,1.7451710300520062,34583.37028906681,35588.78742773701
1762464944,500,,Aggregated,481.200000,0.000000,4,5,8,32,540,700,910,1100,11000,19000,35000,634618,5910,4,131.93485610405423,1.7451710300520062,34583.37028906681,35587.79630108191
1762464945,500,,Aggregated,480.800000,0.000000,4,5,8,32,540,700,910,1100,11000,19000,35000,635104,5910,4,131.88272134579566,1.7451710300520062,34583.37028906681,35588.232391860234
1762464946,500,,Aggregated,469.500000,0.000000,4,5,8,32,540,700,910,1100,11000,19000,35000,635577,5910,4,131.86815334487258,1.7451710300520062,34583.37028906681,35587.23936202852
1762464947,500,,Aggregated,477.700000,0.000000,4,5,8,32,540,700,910,1100,11000,19000,35000,636052,5910,4,131.86948661147494,1.7451710300520062,34583.37028906681,35583.72402413639
1762464948,500,,Aggregated,477.900000,0.000000,4,5,8,32,540,700,910,1100,11000,19000,35000,636534,5911,4,131.84945997876727,1.7451710300520062,34583.37028906681,35584.16411534969
1762464949,500,,Aggregated,481.100000,0.000000,4,5,8,32,540,700,910,1100,11000,19000,35000,637050,5911,4,131.82625601515034,1.7451710300520062,34583.37028906681,35582.6318640609
1762464950,500,,Aggregated,476.600000,0.000000,4,5,8,32,540,700,910,1100,11000,19000,35000,637498,5911,4,131.81042778069593,1.7451710300520062,34583.37028906681,35587.361058387636
1762464951,500,,Aggregated,477.300000,0.100000,4,5,8,32,540,700,910,1100,11000,19000,35000,638005,5911,4,131.81522050690202,1.7451710300520062,34583.37028906681,35585.61700927109
1762464952,500,,Aggregated,482.400000,0.100000,4,5,8,32,540,700,910,1100,11000,19000,35000,638464,5911,4,131.7829778153804,1.7451710300520062,34583.37028906681,35582.93865746542
1762464953,500,,Aggregated,482.000000,0.100000,4,5,8,32,540,700,910,1100,11000,19000,35000,638970,5911,4,131.76878012456862,1.7451710300520062,34583.37028906681,35581.108314944366
1762464954,500,,Aggregated,476.700000,0.100000,4,5,8,32,540,700,910,1100,11000,19000,35000,639456,5911,4,131.749960516917,1.7451710300520062,34583.37028906681,35581.91056616874
1762464955,500,,Aggregated,474.100000,0.100000,4,5,8,32,540,700,910,1100,11000,19000,35000,639917,5911,4,131.74324240635806,1.7451710300520062,34583.37028906681,35578.369941726814
1762464956,500,,Aggregated,481.500000,0.100000,4,5,8,32,540,700,910,1100,10000,19000,35000,640403,5911,4,131.70609069969638,1.7451710300520062,34583.37028906681,35578.42174849274
1762464957,500,,Aggregated,477.500000,0.100000,4,5,8,32,540,700,910,1100,10000,19000,35000,640905,5911,4,131.69004849924198,1.7451710300520062,34583.37028906681,35581.94056529439
1762464958,500,,Aggregated,473.300000,0.100000,4,5,8,32,540,700,910,1100,10000,19000,35000,641350,5911,4,131.65327569416425,1.7451710300520062,34583.37028906681,35580.55984719732
1762464959,500,,Aggregated,473.300000,0.100000,4,5,8,32,540,700,910,1100,10000,19000,35000,641882,5911,4,131.61614242300345,1.7451710300520062,34583.37028906681,35580.33777392106
1762464960,500,,Aggregated,480.500000,0.100000,4,5,8,32,540,700,910,1100,10000,19000,35000,642387,5911,4,131.5859640412937,1.7451710300520062,34583.37028906681,35578.18147938859
1762464961,500,,Aggregated,479.500000,0.000000,4,5,8,32,540,700,910,1100,10000,19000,35000,642843,5911,4,131.562840677693,1.7451710300520062,34583.37028906681,35575.45106036777
1762464962,500,,Aggregated,479.500000,0.000000,4,5,8,32,540,700,910,1100,10000,19000,35000,643343,5911,4,131.55368673834042,1.7451710300520062,34583.37028906681,35572.154929796394
1762464963,500,,Aggregated,479.500000,0.000000,4,5,8,32,540,700,910,1100,10000,19000,35000,643807,5911,4,131.51345789848898,1.7451710300520062,34583.37028906681,35571.00177227026
1762464964,500,,Aggregated,479.300000,0.000000,4,5,8,31,540,700,910,1100,10000,19000,35000,644261,5911,4,131.50621682105913,1.7451710300520062,34583.37028906681,35569.87868425995
1762464965,500,,Aggregated,480.600000,0.000000,4,5,8,31,540,700,910,1100,10000,19000,35000,644808,5911,4,131.48603529853736,1.7451710300520062,34583.37028906681,35575.078970794406
1762464966,500,,Aggregated,479.300000,0.000000,4,5,8,31,540,700,910,1100,10000,19000,35000,645242,5911,4,131.4561200937836,1.7451710300520062,34583.37028906681,35575.2113765068
1762464967,500,,Aggregated,475.300000,0.000000,4,5,8,31,540,700,910,1100,10000,19000,35000,645717,5911,4,131.44857798205027,1.7451710300520062,34583.37028906681,35577.937261989384
1762464968,500,,Aggregated,485.600000,0.000000,4,5,8,31,540,700,910,1100,10000,19000,35000,646190,5911,4,131.4135893542624,1.7451710300520062,34583.37028906681,35578.49990560052
1762464969,500,,Aggregated,478.900000,0.000000,4,5,8,31,540,700,910,1100,10000,19000,35000,646739,5911,4,131.38060149316263,1.7451710300520062,34583.37028906681,35571.009422657364
1762464970,500,,Aggregated,476.300000,0.000000,4,5,8,31,540,700,910,1100,10000,19000,35000,647179,5911,4,131.37273881847025,1.7451710300520062,34583.37028906681,35573.97474732647
1762464971,500,,Aggregated,474.200000,0.000000,4,5,8,31,540,700,910,1100,10000,19000,35000,647666,5911,4,131.34769707397052,1.7451710300520062,34583.37028906681,35573.86385729682
1762464972,500,,Aggregated,476.800000,0.000000,4,5,8,31,540,700,910,1100,10000,19000,35000,648154,5911,4,131.30634628292572,1.7451710300520062,34583.37028906681,35575.13629014092
1762464973,500,,Aggregated,473.800000,0.000000,4,5,8,31,540,700,910,1100,10000,19000,35000,648660,5911,4,131.28223769940405,1.7451710300520062,34583.37028906681,35573.36536089785
1762464974,500,,Aggregated,474.500000,0.000000,4,5,8,31,540,700,900,1100,10000,19000,35000,649154,5911,4,131.26287578736682,1.7451710300520062,34583.37028906681,35575.439878672856
1762464975,500,,Aggregated,476.100000,0.000000,4,5,8,31,540,700,900,1100,10000,19000,35000,649598,5911,4,131.23918529090173,1.7451710300520062,34583.37028906681,35570.65873355522
1762464977,500,,Aggregated,485.100000,0.000000,4,5,8,31,540,700,900,1100,10000,19000,35000,650095,5911,4,131.22003093903294,1.7451710300520062,34583.37028906681,35562.69879017682
1762464978,500,,Aggregated,473.300000,0.000000,4,5,8,31,540,700,900,1100,10000,19000,35000,650588,5911,4,131.17971571365663,1.7451710300520062,34583.37028906681,35570.793148659366
1762464979,500,,Aggregated,481.300000,0.000000,4,5,8,31,540,700,900,1100,10000,19000,35000,651065,5911,4,131.14934192623514,1.7451710300520062,34583.37028906681,35569.11754125932
1762464980,500,,Aggregated,480.900000,0.000000,4,5,8,31,540,700,900,1100,10000,19000,35000,651565,5911,4,131.1181393883379,1.7451710300520062,34583.37028906681,35576.87614896442
1762464981,500,,Aggregated,482.000000,0.000000,4,5,8,31,540,700,900,1100,10000,19000,35000,651995,5911,4,131.10765586902684,1.7451710300520062,34583.37028906681,35578.581022860606
1762464982,500,,Aggregated,478.200000,0.000000,4,5,8,31,540,700,900,1100,10000,19000,35000,652465,5911,4,131.08185370868037,1.7451710300520062,34583.37028906681,35581.47179235668
1762464983,500,,Aggregated,476.200000,0.000000,4,5,8,31,540,700,900,1100,10000,19000,35000,652990,5911,4,131.0733667435223,1.7451710300520062,34583.37028906681,35581.96044809262
1762464984,500,,Aggregated,475.200000,0.000000,4,5,8,31,540,700,900,1100,10000,19000,35000,653427,5911,4,131.05345313183133,1.7451710300520062,34583.37028906681,35584.86930445176
1762464985,500,,Aggregated,480.100000,0.000000,4,5,8,31,540,700,900,1100,10000,19000,35000,653926,5911,4,131.02758011726718,1.7451710300520062,34583.37028906681,35593.47486718681
1762464986,500,,Aggregated,471.100000,0.000000,4,5,8,31,540,700,900,1100,10000,19000,35000,654414,5911,4,130.98580368250543,1.7451710300520062,34583.37028906681,35586.824166353406
1762464987,500,,Aggregated,472.000000,0.000000,4,5,8,31,540,700,900,1100,10000,19000,35000,654909,5911,4,130.96460739917035,1.7451710300520062,34583.37028906681,35588.80283062227
1762464988,500,,Aggregated,476.500000,0.000000,4,5,8,31,540,700,900,1100,10000,19000,35000,655400,5911,4,130.95035016346716,1.7451710300520062,34583.37028906681,35589.75713610009
1762464989,500,,Aggregated,476.100000,0.000000,4,5,8,30,540,700,900,1100,10000,19000,35000,655924,5911,4,130.90065237699432,1.7451710300520062,34583.37028906681,35583.62195467768
1762464990,500,,Aggregated,476.300000,0.000000,4,5,8,30,540,700,900,1100,10000,19000,35000,656373,5911,4,130.89633457337882,1.7451710300520062,34583.37028906681,35581.10534558856
1762464991,500,,Aggregated,483.900000,0.000000,4,5,8,30,540,700,900,1100,10000,19000,35000,656933,5911,4,130.86798722823823,1.7451710300520062,34583.37028906681,35580.058935994995
1762464992,500,,Aggregated,472.900000,0.000000,4,5,8,30,540,700,900,1100,10000,19000,35000,657384,5911,4,130.83924191711873,1.7451710300520062,34583.37028906681,35582.546440132406
1762464993,500,,Aggregated,485.300000,0.000000,4,5,8,30,540,700,900,1100,10000,19000,35000,657898,5911,4,130.80768206287547,1.7451710300520062,34583.37028906681,35576.271534493186
1762464994,500,,Aggregated,487.700000,0.000000,4,5,8,30,540,700,900,1100,10000,19000,35000,658355,5911,4,130.79447161528807,1.7451710300520062,34583.37028906681,35577.337296747195
1762464995,500,,Aggregated,482.100000,0.000000,4,5,8,30,540,700,900,1100,10000,19000,35000,658839,5911,4,130.76359149515451,1.7451710300520062,34583.37028906681,35580.50973758384
1762464996,500,,Aggregated,490.400000,0.000000,4,5,8,30,540,700,900,1100,10000,19000,35000,659346,5911,4,130.72803384321097,1.7451710300520062,34583.37028906681,35580.112622204426
1762464997,500,,Aggregated,486.400000,0.000000,4,5,8,30,540,700,900,1100,10000,19000,35000,659803,5911,4,130.69516169858667,1.7451710300520062,34583.37028906681,35580.266346166965
1762464998,500,,Aggregated,487.200000,0.000000,4,5,8,30,540,700,900,1100,10000,19000,35000,660283,5911,4,130.66164318547794,1.7451710300520062,34583.37028906681,35579.92463837476
1762464999,500,,Aggregated,484.500000,0.000000,4,5,8,30,540,700,900,1100,10000,19000,35000,660804,5911,4,130.62064811107388,1.7451710300520062,34583.37028906681,35579.58207728767
1762465000,500,,Aggregated,482.200000,0.000000,4,5,8,30,540,700,900,1100,10000,19000,35000,661237,5911,4,130.602693458189,1.7451710300520062,34583.37028906681,35581.73411802425
1762465001,500,,Aggregated,480.100000,0.000000,4,5,8,30,540,700,900,1100,10000,19000,35000,661789,5911,4,130.55110714615756,1.7451710300520062,34583.37028906681,35577.61366840488
1762465002,500,,Aggregated,487.900000,0.000000,4,5,8,30,540,700,900,1100,10000,19000,35000,662269,5911,4,130.5182981150255,1.7451710300520062,34583.37028906681,35576.95785549376
1762465003,500,,Aggregated,482.400000,0.000000,4,5,8,30,540,700,900,1100,10000,19000,35000,662785,5911,4,130.49045334953937,1.7451710300520062,34583.37028906681,35574.341388232984
1762465004,500,,Aggregated,483.800000,0.000000,4,5,8,30,540,700,900,1100,10000,19000,35000,663261,5911,4,130.46675611242702,1.7451710300520062,34583.37028906681,35568.20633657037
1762465005,500,,Aggregated,484.800000,0.000000,4,5,8,30,540,700,900,1100,10000,19000,35000,663785,5911,4,130.4753232458477,1.7451710300520062,34583.37028906681,35568.221686238765
1762465006,500,,Aggregated,483.000000,0.000000,4,5,8,30,540,700,900,1100,10000,19000,35000,664214,5911,4,130.4572810475614,1.7451710300520062,34583.37028906681,35569.512229492306
1762465007,500,,Aggregated,486.100000,0.000000,4,5,8,30,540,700,900,1100,10000,19000,35000,664726,5911,4,130.41169543919383,1.7451710300520062,34583.37028906681,35570.22348757232
1762465008,500,,Aggregated,486.200000,0.000000,4,5,8,30,540,700,900,1100,10000,19000,35000,665220,5911,4,130.38378492773805,1.7451710300520062,34583.37028906681,35565.62892426566
1762465009,500,,Aggregated,484.100000,0.000000,4,5,8,30,540,700,900,1100,10000,19000,35000,665661,5911,4,130.36258087058908,1.7451710300520062,34583.37028906681,35568.743899672656
1762465010,500,,Aggregated,487.700000,0.000000,4,5,8,30,540,700,900,1100,10000,19000,35000,666169,5911,4,130.32466054541098,1.7451710300520062,34583.37028906681,35565.79863217892
1762465011,500,,Aggregated,482.200000,0.000000,4,5,8,30,540,700,900,1100,10000,19000,35000,666668,5911,4,130.29487940380906,1.7451710300520062,34583.37028906681,35567.46567556865
1762465012,500,,Aggregated,481.700000,0.000000,4,5,8,30,540,700,900,1100,10000,19000,35000,667175,5911,4,130.26641662398887,1.7451710300520062,34583.37028906681,35566.17955708772
1762465013,500,,Aggregated,482.600000,0.000000,4,5,8,30,540,700,900,1100,10000,19000,35000,667653,5911,4,130.22693377648153,1.7451710300520062,34583.37028906681,35559.45446961221
1762465014,500,,Aggregated,480.300000,0.000000,4,5,8,30,540,700,900,1100,10000,19000,35000,668123,5911,4,130.19971293066564,1.7451710300520062,34583.37028906681,35561.611751129654
1762465015,500,,Aggregated,480.600000,0.000000,4,5,8,30,540,700,900,1100,10000,19000,35000,668590,5911,4,130.1873253974166,1.7451710300520062,34583.37028906681,35563.69246473923
1762465016,500,,Aggregated,478.700000,0.000000,4,5,8,30,540,700,900,1100,10000,19000,35000,669087,5911,4,130.17517989740378,1.7451710300520062,34583.37028906681,35562.89879492502
1762465017,500,,Aggregated,477.300000,0.000000,4,5,8,29,540,700,900,1100,10000,19000,35000,669570,5911,4,130.13625863193133,1.7451710300520062,34583.37028906681,35562.87400719865
1762465018,500,,Aggregated,476.400000,0.000000,4,5,8,30,540,700,900,1100,10000,19000,35000,670041,5911,4,130.12681317935903,1.7451710300520062,34583.37028906681,35562.649942316966
1762465019,500,,Aggregated,481.100000,0.000000,4,5,8,29,540,700,900,1100,10000,19000,35000,670535,5911,4,130.09023706980514,1.7451710300520062,34583.37028906681,35563.28336775858
1762465020,500,,Aggregated,476.100000,0.000000,4,5,8,29,540,700,900,1100,10000,19000,35000,671019,5911,4,130.0646514911096,1.7451710300520062,34583.37028906681,35563.99805668692
1762465021,500,,Aggregated,480.000000,0.000000,4,5,8,29,540,700,900,1100,10000,19000,35000,671475,5911,4,130.04874843533742,1.7451710300520062,34583.37028906681,35563.15675192673
1762465022,500,,Aggregated,475.000000,0.000000,4,5,8,29,540,700,900,1100,10000,19000,35000,671990,5911,4,130.0079189307627,1.7451710300520062,34583.37028906681,35562.85750680813
1762465023,500,,Aggregated,474.400000,0.000000,4,5,8,29,540,700,900,1100,10000,19000,35000,672449,5911,4,129.9848625292111,1.7451710300520062,34583.37028906681,35559.30586706204
1762465024,500,,Aggregated,475.100000,0.000000,4,5,8,29,540,700,900,1100,10000,19000,35000,672941,5911,4,129.95982648127435,1.7451710300520062,34583.37028906681,35558.41161557997
1762465025,500,,Aggregated,477.400000,0.000000,4,5,8,29,540,700,900,1100,10000,19000,35000,673442,5912,4,129.9289274257316,1.7451710300520062,34583.37028906681,35562.12574356812
1762465026,500,,Aggregated,474.900000,0.000000,4,5,8,29,540,700,900,1100,10000,19000,35000,673883,5912,4,129.90856983514078,1.7451710300520062,34583.37028906681,35560.812170658704
1762465027,500,,Aggregated,477.600000,0.000000,4,5,8,29,540,700,900,1100,10000,19000,35000,674410,5912,4,129.8860164199579,1.7451710300520062,34583.37028906681,35561.84598537981
1762465028,500,,Aggregated,475.500000,0.100000,4,5,8,29,540,700,900,1100,10000,19000,35000,674814,5912,4,129.87127608314654,1.7451710300520062,34583.37028906681,35567.71046688421
1762465029,500,,Aggregated,475.300000,0.100000,4,5,8,29,540,700,900,1100,10000,19000,35000,675374,5912,4,129.84333327902885,1.7451710300520062,34583.37028906681,35563.57805749111
1762465030,500,,Aggregated,480.500000,0.100000,4,5,8,29,540,700,900,1100,10000,19000,35000,675824,5912,4,129.82623097068983,1.7451710300520062,34583.37028906681,35563.0354323019
1762465031,500,,Aggregated,473.600000,0.100000,4,5,8,29,540,700,900,1100,10000,19000,35000,676300,5912,4,129.7980132889329,1.7451710300520062,34583.37028906681,35565.31590566317
1762465032,500,,Aggregated,479.800000,0.100000,4,5,8,29,540,700,900,1100,10000,19000,35000,676762,5912,4,129.78149329349833,1.7451710300520062,34583.37028906681,35563.64236171653
1762465033,500,,Aggregated,479.500000,0.100000,4,5,8,29,540,700,900,1100,10000,19000,35000,677261,5912,4,129.7559424593643,1.7451710300520062,34583.37028906681,35558.409052049356
1762465034,500,,Aggregated,477.800000,0.100000,4,5,8,29,540,700,900,1100,10000,19000,35000,677731,5912,4,129.73752187810098,1.7451710300520062,34583.37028906681,35558.377618848775
1762465035,500,,Aggregated,471.900000,0.100000,4,5,8,29,540,700,900,1100,10000,19000,35000,678249,5912,4,129.71509347917285,1.7451710300520062,34583.37028906681,35559.63804001185
1762465036,500,,Aggregated,479.000000,0.100000,4,5,8,29,540,700,900,1100,10000,19000,35000,678724,5912,4,129.68473497066788,1.7451710300520062,34583.37028906681,35557.52094960544
1762465037,500,,Aggregated,476.500000,0.100000,4,5,8,29,540,700,900,1100,10000,19000,35000,679223,5912,4,129.6526731041652,1.7451710300520062,34583.37028906681,35557.3775475801
1762465038,500,,Aggregated,474.600000,0.000000,4,5,8,29,540,700,900,1100,10000,19000,35000,679691,5912,4,129.61312419903922,1.7451710300520062,34583.37028906681,35554.709669541015
1762465039,500,,Aggregated,473.900000,0.000000,4,5,8,29,540,700,900,1100,10000,19000,35000,680186,5912,4,129.57894714066825,1.7451710300520062,34583.37028906681,35556.04034631704
1762465040,500,,Aggregated,476.100000,0.000000,4,5,8,29,540,700,900,1100,10000,19000,35000,680634,5912,4,129.55811161487318,1.7451710300520062,34583.37028906681,35555.08340459043
1762465041,500,,Aggregated,478.500000,0.000000,4,5,8,29,540,700,900,1100,10000,19000,35000,681137,5912,4,129.51902288621065,1.7451710300520062,34583.37028906681,35558.65517509693
1762465042,500,,Aggregated,478.100000,0.000000,4,5,8,29,540,700,900,1100,10000,19000,35000,681639,5912,4,129.49422416148045,1.7451710300520062,34583.37028906681,35555.82720912389
1762465043,500,,Aggregated,478.600000,0.000000,4,5,8,29,540,700,900,1100,10000,19000,35000,682120,5912,4,129.46600658648433,1.7451710300520062,34583.37028906681,35562.05019644638
1762465044,500,,Aggregated,478.100000,0.000000,4,5,8,29,540,700,900,1100,10000,19000,35000,682615,5913,4,129.4229237945319,1.7451710300520062,34583.37028906681,35563.83591629249
1762465045,500,,Aggregated,481.400000,0.000000,4,5,8,29,540,700,900,1100,10000,19000,35000,683124,5913,4,129.38697282366599,1.7451710300520062,34583.37028906681,35561.1854612047
1762465046,500,,Aggregated,480.900000,0.100000,4,5,8,29,540,700,900,1100,10000,19000,35000,683534,5913,4,129.37466481601786,1.7451710300520062,34583.37028906681,35562.33552683554
1762465047,500,,Aggregated,481.200000,0.100000,4,5,8,29,540,700,900,1100,10000,19000,35000,684010,5913,4,129.3477711817429,1.7451710300520062,34583.37028906681,35562.929221795006
1762465048,500,,Aggregated,485.000000,0.100000,4,5,8,28,540,700,900,1100,10000,19000,35000,684540,5913,4,129.33415516710807,1.7451710300520062,34583.37028906681,35559.59334297485
1762465049,500,,Aggregated,481.000000,0.100000,4,5,8,28,540,700,900,1100,10000,19000,35000,684974,5913,4,129.33149059020852,1.7451710300520062,34583.37028906681,35562.32005740364
1762465050,500,,Aggregated,474.500000,0.100000,4,5,8,28,540,700,900,1100,10000,19000,35000,685499,5913,4,129.30838921002206,1.7451710300520062,34583.37028906681,35560.219410969235
1762465051,500,,Aggregated,478.500000,0.100000,4,5,8,28,540,700,900,1100,10000,19000,35000,685969,5914,4,129.28244053809595,1.7451710300520062,34583.37028906681,35557.40402700414
1762465052,500,,Aggregated,472.400000,0.100000,4,5,8,28,540,700,900,1100,10000,19000,35000,686415,5914,4,129.26110642993658,1.7451710300520062,34583.37028906681,35565.358399801866
1762465053,500,,Aggregated,475.800000,0.100000,4,5,8,28,540,700,900,1100,10000,19000,35000,686907,5914,4,129.23995309927855,1.7451710300520062,34583.37028906681,35562.23800892988
1762465054,500,,Aggregated,477.900000,0.200000,4,5,8,28,540,700,900,1100,10000,19000,35000,687406,5914,4,129.21321835346285,1.7451710300520062,34583.37028906681,35558.11520411518
1762465055,500,,Aggregated,473.900000,0.200000,4,5,8,28,540,700,900,1100,10000,19000,35000,687865,5914,4,129.20923074771824,1.7451710300520062,34583.37028906681,35562.70355229587
1762465056,500,,Aggregated,468.300000,0.100000,4,5,8,28,540,700,900,1100,10000,19000,35000,688378,5914,4,129.19334097812762,1.7451710300520062,34583.37028906681,35558.98455354471
1762465057,500,,Aggregated,470.700000,0.100000,4,5,8,28,540,700,900,1100,10000,19000,35000,688871,5914,4,129.18682914149574,1.7451710300520062,34583.37028906681,35561.12729524105
1762465058,500,,Aggregated,471.200000,0.100000,4,5,8,28,540,700,900,1100,10000,19000,35000,689322,5914,4,129.16701939914051,1.7451710300520062,34583.37028906681,35566.606728060324
1762465059,500,,Aggregated,475.400000,0.100000,4,5,8,28,540,700,900,1100,10000,19000,35000,689875,5914,4,129.13286578594779,1.7451710300520062,34583.37028906681,35565.09517231383
1762465060,500,,Aggregated,480.300000,0.100000,4,5,8,28,540,700,900,1100,10000,19000,35000,690366,5914,4,129.09419822733116,1.7451710300520062,34583.37028906681,35568.76090798214
1762465061,500,,Aggregated,473.400000,0.100000,4,5,8,28,540,700,900,1100,10000,19000,35000,690839,5914,4,129.07348237169063,1.7451710300520062,34583.37028906681,35570.75914359207
1762465062,500,,Aggregated,486.500000,0.100000,4,5,8,28,540,700,900,1100,10000,19000,35000,691338,5914,4,129.04245899252882,1.7451710300520062,34583.37028906681,35567.02587591019
1762465064,500,,Aggregated,480.800000,0.000000,4,5,8,28,540,700,900,1100,10000,19000,35000,691780,5914,4,129.02885594264845,1.7451710300520062,34583.37028906681,35569.558593772585
1762465065,500,,Aggregated,484.600000,0.000000,4,5,8,28,540,700,900,1100,10000,19000,35000,692258,5914,4,129.01962744310754,1.7451710300520062,34583.37028906681,35568.53422856796
1762465066,500,,Aggregated,483.600000,0.000000,4,5,8,28,540,700,900,1100,10000,19000,35000,692771,5914,4,128.99110677991416,1.7451710300520062,34583.37028906681,35569.89764150058
1762465067,500,,Aggregated,480.900000,0.000000,4,5,8,28,540,700,900,1100,10000,19000,35000,693274,5914,4,128.9700236871872,1.7451710300520062,34583.37028906681,35568.0499989903
1762465068,500,,Aggregated,484.100000,0.000000,4,5,8,28,540,700,900,1100,10000,19000,35000,693706,5914,4,128.9518082082588,1.7451710300520062,34583.37028906681,35572.96168838096
1762465069,500,,Aggregated,484.700000,0.000000,4,5,8,28,540,700,900,1100,10000,19000,35000,694246,5914,4,128.94317445095513,1.7451710300520062,34583.37028906681,35571.457248583356
1762465070,500,,Aggregated,476.600000,0.000000,4,5,8,28,540,700,900,1100,10000,19000,35000,694692,5914,4,128.91645275851232,1.7451710300520062,34583.37028906681,35569.04763118044
1762465071,500,,Aggregated,486.600000,0.000000,4,5,8,28,540,700,900,1100,10000,19000,35000,695157,5914,4,128.8822426838956,1.7451710300520062,34583.37028906681,35564.964305905
1762465072,500,,Aggregated,476.400000,0.000000,4,5,8,28,540,700,900,1100,10000,19000,35000,695665,5914,4,128.8614949753436,1.7451710300520062,34583.37028906681,35562.44934559019
1762465073,500,,Aggregated,475.600000,0.000000,4,5,8,28,540,700,900,1100,10000,19000,35000,696173,5914,4,128.84191287953482,1.7451710300520062,34583.37028906681,35563.339442925826
1762465074,500,,Aggregated,478.800000,0.000000,4,5,8,28,540,700,900,1100,10000,19000,35000,696649,5914,4,128.80972270541417,1.7451710300520062,34583.37028906681,35561.152426831875
1762465075,500,,Aggregated,477.000000,0.000000,4,5,8,28,540,700,900,1100,10000,19000,35000,697118,5914,4,128.79019661097902,1.7451710300520062,34583.37028906681,35562.08750455447
1762465076,500,,Aggregated,481.100000,0.000000,4,5,8,28,540,700,900,1100,10000,19000,35000,697622,5916,4,128.7708557281486,1.7451710300520062,34583.37028906681,35563.47065316174
1762465077,500,,Aggregated,479.600000,0.000000,4,5,8,28,540,700,900,1100,10000,19000,35000,698092,5916,4,128.7490499128594,1.7451710300520062,34583.37028906681,35559.52883574085
1762465078,500,,Aggregated,478.400000,0.200000,4,5,8,28,540,700,900,1100,10000,19000,35000,698574,5916,4,128.7212158487979,1.7451710300520062,34583.37028906681,35558.764936857086
1762465079,500,,Aggregated,475.700000,0.200000,4,5,8,28,540,700,900,1100,10000,19000,35000,699044,5916,4,128.6988795063861,1.7451710300520062,34583.37028906681,35557.55998620974
1762465080,500,,Aggregated,480.700000,0.200000,4,5,8,28,540,700,900,1100,10000,19000,35000,699507,5916,4,128.68005969112681,1.7451710300520062,34583.37028906681,35559.06737745298
1762465081,500,,Aggregated,473.100000,0.200000,4,5,8,28,540,700,900,1100,10000,19000,35000,700028,5916,4,128.64162579215454,1.7451710300520062,34583.37028906681,35552.93631111898
1762465082,500,,Aggregated,475.500000,0.200000,4,5,8,28,540,700,900,1100,10000,19000,35000,700510,5916,4,128.62587350318978,1.7451710300520062,34583.37028906681,35555.92338153631
1762465083,500,,Aggregated,480.100000,0.200000,4,5,8,28,540,700,900,1100,10000,19000,35000,700980,5916,4,128.60041151877206,1.7451710300520062,34583.37028906681,35554.246141116724
1762465084,500,,Aggregated,479.200000,0.200000,4,5,8,28,540,700,900,1100,10000,19000,35000,701428,5916,4,128.57607103139924,1.7451710300520062,34583.37028906681,35554.02313138341
1762465085,500,,Aggregated,475.600000,0.200000,4,5,8,28,540,700,900,1100,10000,19000,35000,701956,5917,4,128.5624744660795,1.7451710300520062,34583.37028906681,35552.271844674025
1762465086,500,,Aggregated,473.100000,0.200000,4,5,8,28,540,700,900,1100,10000,19000,35000,702421,5917,4,128.54791155997503,1.7451710300520062,34583.37028906681,35552.31056161476
1762465087,500,,Aggregated,474.400000,0.200000,4,5,8,27,540,700,900,1100,10000,19000,35000,702937,5919,4,128.51367064047935,1.7451710300520062,34583.37028906681,35552.073180100066
1762465088,500,,Aggregated,476.500000,0.100000,4,5,8,27,540,700,900,1100,10000,19000,35000,703382,5919,4,128.4999602546996,1.7451710300520062,34583.37028906681,35552.848422336654
1762465089,500,,Aggregated,479.800000,0.300000,4,5,8,27,540,700,900,1100,10000,19000,35000,703865,5919,4,128.47709463359715,1.7451710300520062,34583.37028906681,35550.76596648505
1762465090,500,,Aggregated,477.800000,0.300000,4,5,8,27,540,700,900,1100,10000,19000,35000,704341,5919,4,128.47290589287957,1.7451710300520062,34583.37028906681,35554.23590419981
1762465091,500,,Aggregated,480.100000,0.300000,4,5,8,27,540,700,900,1100,10000,19000,35000,704860,5919,4,128.4444930780444,1.7451710300520062,34583.37028906681,35552.451198819625
1762465092,500,,Aggregated,482.700000,0.300000,4,5,8,27,540,700,900,1100,10000,19000,35000,705322,5919,4,128.42172818022124,1.7451710300520062,34583.37028906681,35552.79457325874
